6 21 25 34 46 54 82 95 99 103 149 162 168 169 182 199 226 236 239 300 302 324 331 336 340 348 363 370 382 386 392 416 427 452 473 486 489 494 497 527 538 546 570 573 605 606 613 628 631 653 687 710 725 726 730 736 765 776 797 801 806 808 823 843 845 858 862 865 876 878 880 882 896 900 926 942 945 953 973 985 986 988
12 17 19 33 40 73 81 125 136 138 146 148 156 161 175 190 216 228 231 235 253 260 264 266 310 314 319 320 328 330 332 344 356 367 383 393 405 409 415 420 426 439 446 462 474 481 505 510 513 514 520 523 532 558 574 582 586 593 599 621 622 659 660 664 682 689 700 705 711 727 745 753 758 761 767 778 780 795 812 831 859 861 869 874 881 883 897 910 919 921 922 925 931 947 965 969 971 981
13 20 32 48 51 56 61 62 66 79 91 112 114 123 129 144 145 147 165 185 188 197 208 221 238 247 248 249 252 259 262 263 277 279 286 290 292 294 295 297 298 304 305 317 325 337 345 352 369 373 374 377 378 387 395 397 401 403 422 442 444 499 525 531 533 537 543 552 564 565 568 575 577 585 594 602 612 613 620 621 638 639 641 643 645 648 671 672 676 685 703 722 724 731 733 755 757 763 766 772 775 782 786 792 807 810 811 815 817 822 824 835 848 853 857 871 879 888 893 894 910 920 935 937 941 948 956 966 984
23 27 45 52 78 83 110 113 119 131 139 143 154 157 172 177 179 180 187 196 211 214 222 230 233 242 250 268 274 296 308 311 318 326 342 347 359 376 394 412 421 447 462 464 508 536 539 541 542 545 560 562 571 572 576 598 617 634 646 654 679 680 690 697 709 718 738 743 751 772 785 790 796 813 815 819 821 832 833 839 847 866 870 887 904 905 940 949 963 975 977 983 990
2 14 15 50 63 74 87 118 120 135 137 140 142 151 158 160 170 174 193 200 213 219 246 251 267 281 287 291 333 334 343 358 361 364 366 368 380 381 384 385 394 404 406 423 424 432 450 460 471 476 477 492 504 524 526 555 580 584 592 597 609 625 626 630 637 667 670 674 684 691 694 695 696 698 701 716 720 748 769 773 774 787 793 794 830 842 849 916 917 918 923 924 944 960 964 967
22 24 44 57 58 59 64 75 89 92 97 101 102 108 109 121 176 183 194 198 205 212 224 244 257 265 271 282 299 301 309 322 327 353 372 408 457 469 479 487 495 511 522 530 534 549 561 564 566 569 589 607 611 615 629 644 655 658 665 666 675 678 704 706 708 717 729 749 752 762 784 803 804 818 827 828 836 837 852 854 860 867 875 903 913 929 936 946 951 954 957 974 992 995
1 26 39 41 47 71 76 80 88 133 158 171 192 218 227 237 241 255 258 261 275 278 313 315 316 329 339 351 354 355 357 360 375 379 398 399 410 414 428 429 430 436 454 478 480 491 502 512 515 518 519 540 548 550 551 588 596 600 604 610 618 627 635 649 663 668 712 715 759 760 783 795 805 840 855 864 872 877 886 895 898 901 915 927 955 959 962 978 993 994
3 5 9 16 36 37 42 43 60 96 100 115 116 132 155 159 166 184 189 203 210 217 232 234 256 269 289 307 316 341 365 388 389 391 417 419 434 445 453 461 471 472 482 483 490 501 509 517 528 529 547 579 587 608 632 636 640 683 686 723 735 739 742 754 779 802 805 807 820 829 838 841 851 856 889 890 891 907 908 911 914 943 961 968 997
8 18 28 30 53 55 67 68 70 84 86 90 104 106 111 128 134 152 167 173 181 186 188 201 202 206 209 215 225 240 245 270 272 273 280 283 349 371 433 435 441 443 459 467 493 500 535 553 556 563 578 590 591 614 616 624 626 633 652 656 669 688 693 710 732 737 740 746 750 770 777 788 789 816 825 834 844 846 866 880 884 902 930 958 969 987 991 996 1000
29 31 35 93 94 105 107 117 122 126 150 153 178 195 204 220 223 254 276 285 303 306 321 323 335 346 349 350 386 407 411 413 418 437 440 448 451 458 465 468 485 498 503 570 581 619 642 650 661 681 699 707 714 721 728 741 744 756 768 791 798 799 814 868 885 892 899 921 928 932 933 938 939 967 970 976 979 980 982 999
4 7 10 11 38 48 49 65 69 72 77 85 98 124 127 130 141 163 164 191 207 229 243 244 284 288 293 312 338 362 390 396 400 402 425 431 438 449 455 456 463 466 470 475 484 488 496 506 507 516 521 544 546 554 557 559 567 583 595 601 603 623 647 651 657 662 673 677 692 702 705 713 719 734 747 764 771 781 800 809 826 838 850 863 873 906 909 912 934 950 952 972 989 998
