2 10 14 15 19 54 63 74 87 100 118 120 135 137 140 142 149 150 151 160 170 174 193 200 219 221 239 246 251 279 281 287 291 292 319 324 333 334 341 358 361 364 366 368 369 380 381 384 385 394 404 406 423 424 432 450 460 471 476 477 492 497 504 524 526 555 572 574 580 584 592 597 609 625 626 630 637 659 667 670 674 684 691 694 695 696 698 701 716 720 738 745 748 758 767 769 773 774 778 787 793 794 810 830 842 849 881 916 917 918 923 924 944 960 964 971
1 9 12 13 17 51 56 61 62 81 114 129 136 144 145 147 148 159 165 185 197 208 247 252 253 259 262 263 266 286 290 294 297 298 304 305 317 325 352 397 401 420 422 442 444 474 499 513 525 531 533 552 565 594 602 612 613 620 621 639 641 643 645 648 659 660 671 676 685 703 722 724 731 733 753 755 757 761 763 766 772 775 782 786 811 817 822 824 835 848 853 857 869 871 879 888 893 894 910 935 937 941 948 956 966 984
3 26 32 39 41 47 66 69 70 71 76 83 88 110 112 133 156 158 161 167 171 175 179 190 192 216 227 231 237 238 241 248 255 258 260 261 264 275 278 289 315 316 328 329 337 339 345 348 354 355 356 357 360 367 373 374 377 378 379 383 398 399 402 410 414 415 428 429 430 436 454 478 480 481 491 502 510 512 515 518 519 537 540 548 550 551 568 574 585 588 591 596 599 600 604 610 616 618 627 635 639 649 663 664 668 682 689 700 712 727 731 759 760 761 778 780 783 795 831 840 855 864 872 877 881 886 888 895 898 901 915 919 920 922 927 955 956 959 962 965 978 993 994
6 21 25 30 34 46 82 90 95 103 125 126 168 169 182 209 236 270 295 302 331 336 340 363 370 382 392 416 427 439 452 473 486 489 494 527 532 538 546 558 570 573 605 606 628 631 653 659 687 710 725 726 730 736 765 776 797 806 808 823 843 845 858 862 865 876 878 880 882 896 900 926 942 945 953 973 985 986 988
4 7 20 33 38 40 49 72 77 85 98 124 127 130 141 163 164 176 207 229 243 244 284 288 293 312 332 338 362 383 390 396 400 425 438 446 449 450 455 456 463 466 470 475 484 496 505 506 507 521 543 544 554 557 559 567 583 586 595 601 603 623 647 651 657 662 673 677 692 702 705 713 719 734 747 764 771 781 800 809 812 826 838 850 863 873 881 883 906 909 912 931 934 950 952 972 989 998
5 16 36 37 42 43 60 96 115 116 132 155 166 184 189 199 203 210 217 228 232 234 249 256 269 300 307 313 351 365 388 389 391 417 419 434 445 453 461 462 472 482 483 490 501 509 516 517 528 529 547 579 582 587 608 632 636 638 640 659 672 683 686 723 735 739 742 754 778 779 802 805 807 820 829 838 841 851 856 861 874 889 890 891 907 908 911 914 943 961 968 997
8 18 28 53 55 57 67 68 84 86 104 106 111 128 134 152 157 181 186 201 202 206 215 225 240 245 272 273 283 349 371 375 383 433 435 441 443 459 467 493 500 535 553 556 563 578 590 614 617 624 633 652 656 669 688 693 732 737 740 746 750 770 788 789 801 816 825 834 844 846 866 880 884 902 930 958 969 987 991 996 1000
22 24 44 48 58 59 64 65 75 89 91 92 97 101 102 108 109 121 173 183 194 198 205 212 224 233 257 265 271 282 299 301 309 320 322 327 330 353 359 372 383 387 395 408 412 426 451 457 469 479 487 488 495 511 522 530 534 545 549 561 564 566 569 574 589 593 607 611 615 622 629 644 655 658 665 666 675 678 704 706 708 711 715 717 729 749 752 761 762 777 784 792 803 804 818 827 828 836 837 852 854 860 867 875 903 913 925 929 936 946 951 954 957 974 992 995
23 27 52 73 78 79 99 113 119 123 131 139 143 154 172 177 180 187 196 211 213 214 222 230 235 242 250 268 274 277 280 296 308 310 311 318 326 342 347 359 376 403 421 447 450 464 508 514 536 539 541 542 560 562 571 575 576 598 634 646 654 659 679 680 690 697 709 718 743 751 778 785 790 796 813 815 819 821 832 833 839 847 866 870 887 904 905 940 949 963 975 977 983 990
11 29 31 35 45 50 80 93 94 105 107 117 122 138 146 153 162 178 188 191 195 204 218 220 223 226 254 267 276 285 303 306 314 321 323 335 343 344 346 350 386 393 405 407 409 411 413 418 431 437 440 448 458 465 468 485 498 503 520 523 570 574 577 581 619 642 650 661 681 699 707 714 721 728 741 744 756 761 768 778 791 798 799 814 859 868 881 885 892 897 899 921 928 932 933 938 939 947 967 970 976 979 980 981 982 999
