# Nodes: 1000, Edges: 4581, Weighted: 1
1	830	0.889358
1	864	1.04582
1	954	4.62174
1	996	3.66482
2	435	0.12999
2	600	0.194618
2	967	2.36394
2	977	2.91205
3	539	3.01999
3	750	1.02891
3	972	2.23543
3	973	2.33571
4	562	1.05388
4	756	1.69203
4	858	4.31596
4	967	2.85521
5	702	0.993436
5	742	1.93491
5	750	2.67165
5	1000	2.355
6	737	4.35066
6	790	0.523252
6	946	1.44268
6	992	3.63407
7	179	1.25187
7	714	0.692569
7	833	0.608536
7	970	3.047
8	83	1.08913
8	540	2.91691
8	887	0.675019
8	988	3.83584
9	151	1.74485
9	336	0.626272
9	833	3.22872
9	934	3.97459
10	372	0.865752
10	743	2.08345
10	844	1.28927
10	981	3.44497
11	380	4.40908
11	491	0.600592
11	962	1.82991
11	991	3.16951
12	254	1.27479
12	604	1.67925
12	610	6.78823
12	808	2.64626
13	73	1.26622
13	883	2.36935
13	918	1.54774
13	945	2.78602
14	16	0.306464
14	23	2.09899
14	666	1.96045
14	973	3.19499
15	326	1.51163
15	632	2.21064
15	704	1.87776
15	904	1.70811
16	81	2.24489
16	810	3.43848
16	854	3.04846
17	43	2.4
17	83	1.05017
17	150	1.91401
17	950	2.63582
18	47	1.70253
18	261	3.3541
18	725	1.75843
18	839	2.141
19	40	0.731721
19	583	0.106549
19	853	0.996216
19	984	3.76541
20	754	2.30644
20	820	0.241356
20	968	2.26361
20	988	3.09504
21	246	2.12227
21	648	0.631176
21	802	1.05559
21	901	1.79103
22	871	1.24773
22	905	4.5253
22	968	1.76042
22	988	2.59185
23	89	1.44524
23	167	2.05563
23	404	4.40908
24	88	2.4
24	592	1.05083
24	695	1.27151
24	930	3.27766
25	810	1.37671
25	862	1.89305
25	889	1.10842
25	982	3.11486
26	927	2.89515
26	933	1.16767
26	943	1.22001
26	975	3.21229
27	488	4.40908
27	898	1.57704
27	930	1.56445
27	944	2.45862
28	34	0.194389
28	215	2.96005
28	405	2.44545
28	983	2.85258
29	76	0.506317
29	514	2.82174
29	664	1.76442
29	973	3.32933
30	557	0.416593
30	584	1.37521
30	888	2.14475
30	944	3.03867
31	362	3.3541
31	978	1.48019
31	993	1.5544
31	996	2.5654
32	231	0.540095
32	251	3.3541
32	706	2.09646
32	882	2.96344
33	43	1.14508
33	742	2.62273
33	797	1.83214
33	985	2.66864
34	86	2.4
34	992	2.74513
34	995	2.66049
35	699	0.932479
35	728	2.09482
35	943	1.55882
35	984	3.10861
36	714	2.39128
36	759	1.35297
36	846	5.17449
36	890	1.85573
37	318	0.857864
37	523	5.55608
37	756	2.04501
37	926	2.69943
38	58	0.313694
38	308	2.16453
38	884	1.73781
38	914	3.12178
39	585	1.62426
39	710	1.66827
39	908	7.61221
39	975	2.30746
40	386	4.40908
40	737	0.919066
40	989	3.94922
41	564	0.0587789
41	721	0.352358
41	994	2.21289
41	999	2.97599
42	756	1.06329
42	958	1.16811
42	985	3.36934
42	995	3.40568
43	664	2.86207
43	797	1.59287
44	221	0.681799
44	762	1.25176
44	893	1.68543
44	951	3.23275
45	473	0.626502
45	535	1.27127
45	699	1.87732
45	933	2.45132
46	384	0.0145307
46	428	2.20454
46	895	1.40132
46	987	4.18417
47	108	2.03383
47	226	1.86088
47	838	7.85748
48	152	1.52852
48	422	0.575343
48	751	1.76447
48	963	3.49606
49	591	1.68872
49	815	2.06057
49	947	1.22299
49	985	2.68851
50	338	1.73969
50	534	1.64185
50	662	2.21845
50	890	2.37295
51	595	2.38957
51	817	1.31649
51	903	1.14021
51	973	3.14334
52	319	0.93634
52	524	1.1053
52	931	3.55835
52	934	3.97459
53	603	1.00813
53	785	1.62977
53	960	2.96209
53	989	3.25257
54	635	0.984565
54	764	2.65278
54	874	0.573579
54	997	4.04185
55	746	0.0192448
55	873	0.987422
55	905	1.80217
55	972	2.79114
56	428	2.20454
56	541	1.72377
56	769	0.829238
56	936	3.0471
57	85	2.4
57	772	1.06039
57	810	2.33877
57	882	2.20085
58	253	3.3541
58	529	1.59185
58	914	3.69451
59	588	0.230638
59	678	0.303884
59	938	1.7356
59	978	3.3298
60	302	1.71539
60	723	2.40737
60	746	1.4772
60	820	4.35103
61	270	3.3541
61	288	1.11727
61	932	1.84798
61	961	2.63474
62	123	2.4
62	912	1.41911
62	941	1.79207
62	979	2.3888
63	96	1.44475
63	230	0.758993
63	435	4.40908
63	954	3.39631
64	470	4.40908
64	670	0.637597
64	926	1.65576
64	985	3.30738
65	380	0.782475
65	464	1.3561
65	935	3.4615
65	995	3.40568
66	302	3.3541
66	615	1.02613
66	900	2.11255
66	918	2.46131
67	154	0.397598
67	876	3.10348
67	942	2.2028
67	975	2.99973
68	368	0.144119
68	389	0.325388
68	953	1.69866
68	992	3.43184
69	661	1.68737
69	775	3.47889
69	857	1.60631
69	917	2.30546
70	458	4.40908
70	584	1.26185
70	858	1.2941
70	970	3.04408
71	919	0.210953
71	983	1.28529
71	994	1.67033
71	999	2.43343
72	399	1.62993
72	672	1.03058
72	990	2.93949
72	997	3.75089
73	175	1.58675
73	818	1.27998
73	902	1.46709
74	273	1.55143
74	501	0.779935
74	719	1.06409
74	879	2.20458
75	582	2.30099
75	859	1.75197
75	890	0.675186
75	971	3.17286
76	483	1.19693
76	801	4.15692
76	948	3.89675
77	634	1.44849
77	645	1.95383
77	767	1.20964
77	789	2.43651
78	664	1.25901
78	750	1.51713
78	809	2.9367
78	973	2.82392
79	616	0.317197
79	930	2.45085
79	952	1.89003
79	994	3.39278
80	494	1.22832
80	594	0.000793396
80	876	1.94438
80	949	2.42645
81	185	1.41355
81	285	3.3541
81	449	1.9417
82	522	0.175974
82	583	0.225237
82	984	2.21246
82	987	2.98632
83	920	3.4607
83	991	2.943
84	682	0.977383
84	754	1.35144
84	763	3.50906
84	925	3.27119
85	370	1.21121
85	709	1.08144
85	953	3.30733
86	302	1.32497
86	579	0.81889
86	957	3.45608
87	816	0.784524
87	932	1.15076
87	981	2.93606
87	994	3.66472
88	733	0.0410035
88	790	1.22409
88	992	4.33491
89	664	0.976326
89	873	0.637246
89	973	2.54124
90	541	2.02927
90	612	1.08581
90	771	2.48503
90	882	6.02155
91	675	1.14076
91	778	1.84349
91	837	2.61562
91	965	3.30485
92	547	0.907468
92	832	0.536008
92	841	2.50536
92	992	4.15653
93	400	4.40908
93	745	1.26961
93	810	1.91013
93	959	2.42025
94	159	1.32345
94	876	0.846508
94	931	1.20285
94	971	2.22725
95	748	0.429305
95	816	0.799365
95	949	1.64746
95	986	2.72391
96	156	1.19366
96	512	5.55608
96	912	2.96156
97	293	3.3541
97	804	0.512019
97	979	1.86092
97	987	3.22709
98	162	2.4
98	441	1.87263
98	461	1.97806
98	600	1.74699
99	239	3.3541
99	452	0.726172
99	474	2.59121
99	837	2.28267
100	427	2.10706
100	496	0.430609
100	812	2.9655
100	888	3.06229
101	209	2.4
101	303	2.36402
101	493	0.551475
101	911	2.68456
102	436	1.13705
102	527	2.46029
102	610	2.00268
102	891	2.14264
103	813	1.35334
103	869	0.624519
103	908	1.09916
103	952	2.52299
104	171	0.651556
104	497	3.52398
104	700	3.23288
104	834	1.71625
105	401	0.720923
105	440	2.22338
105	942	2.65646
105	994	2.9036
106	408	4.40908
106	700	1.09858
106	839	0.723059
106	977	3.77824
107	276	0.788785
107	837	1.66187
107	840	1.15124
107	914	1.99809
108	141	2.4
108	646	0.231336
108	985	3.33594
109	541	1.26452
109	636	0.211748
109	800	2.19451
109	991	4.12384
110	284	3.3541
110	535	1.44626
110	843	1.56308
110	861	2.59068
111	304	3.3541
111	427	2.03444
111	743	1.90366
111	829	1.66188
112	393	0.308968
112	821	0.423536
112	946	2.45849
112	955	2.83255
113	321	0.300378
113	471	2.00085
113	736	0.970595
113	937	2.32819
114	116	2.4
114	484	1.13356
114	802	1.79523
114	873	2.67127
115	164	2.4
115	340	0.979025
115	632	2.30012
115	743	2.32085
116	696	0.000970994
116	983	2.22544
116	999	3.37358
117	232	3.3541
117	815	1.91259
117	822	1.25917
117	904	2.42822
118	220	0.586641
118	562	2.07333
118	768	2.94082
118	891	2.14264
119	651	0.584116
119	670	3.52814
119	778	1.02296
119	989	3.99273
120	427	1.53197
120	691	1.07062
120	764	1.98339
120	835	1.01401
121	256	3.3541
121	408	1.31592
121	602	1.37359
121	906	2.9105
122	798	0.0796906
122	937	1.83544
122	941	2.03529
122	998	3.48502
123	463	0.637897
123	480	2.27593
123	782	2.68629
124	387	0.838137
124	775	0.167119
124	971	2.20849
124	986	2.38627
125	856	1.1607
125	887	0.885749
125	902	1.52053
125	929	2.03302
126	253	1.35309
126	602	1.45394
126	758	0.864207
126	818	2.793
127	966	0.437215
127	994	1.55267
127	997	1.29436
127	999	2.31577
128	202	0.853164
128	697	0.338575
128	887	1.53953
128	995	4.40825
129	619	2.39496
129	811	1.14598
129	850	1.79948
129	924	2.65454
130	383	1.81789
130	761	1.50248
130	908	7.61221
130	954	2.27961
131	261	1.27064
131	563	2.77804
131	592	1.60321
131	785	2.72614
132	801	1.16644
132	904	1.8485
132	928	2.86216
132	953	2.58504
133	276	3.3541
133	587	0.274631
133	588	1.61852
133	947	3.70623
134	817	0.682201
134	857	3.16915
134	972	2.40878
134	973	2.50906
135	175	2.14006
135	420	3.02853
135	856	1.66057
135	928	1.79939
136	604	6.78823
136	641	1.35336
136	941	1.39845
136	998	2.84818
137	358	3.3541
137	723	0.492461
137	973	2.09718
137	983	3.01039
138	459	0.707192
138	641	0.676722
138	951	1.93327
138	979	2.28281
139	627	0.804063
139	980	1.26818
139	990	1.35323
139	996	2.17452
140	165	0.910461
140	405	0.811799
140	752	1.1503
140	904	2.72738
141	535	1.87933
141	620	1.2189
141	778	2.50164
142	691	3.81079
142	837	2.06647
142	855	1.04818
142	935	2.48534
143	654	1.6689
143	659	8.1
143	968	2.25184
143	988	1.67926
144	218	1.88739
144	670	1.9923
144	838	7.85748
144	985	1.72158
145	495	1.27189
145	905	4.5253
145	945	2.61586
145	959	1.71223
146	318	3.3541
146	456	0.251094
146	861	1.45059
146	989	3.89825
147	474	2.30591
147	519	3.51949
147	715	0.442252
147	952	2.85187
148	622	0.922608
148	955	1.47236
148	957	3.1059
148	995	3.20505
149	524	1.31103
149	601	0.831618
149	825	1.8146
149	896	3.45734
150	626	0.953757
150	950	2.73225
150	968	2.62053
151	782	0.999457
151	866	0.948235
151	971	2.85574
152	276	1.38977
152	935	2.68173
152	998	1.72173
153	807	1.40978
153	837	3.1377
153	850	0.818721
153	993	3.37151
154	747	0.268777
154	958	1.66374
154	977	3.27021
155	559	0.304503
155	858	1.10035
155	949	1.55936
155	986	2.6358
156	401	4.40908
156	739	1.76199
156	875	2.64434
157	765	0.275198
157	845	1.20171
157	961	1.67987
157	980	2.4432
158	286	3.3541
158	844	1.49946
158	857	1.60494
158	877	2.49554
159	498	1.81874
159	690	2.45777
159	801	4.15692
160	395	4.40908
160	863	0.6962
160	952	2.25825
160	966	2.64555
161	410	2.28063
161	415	1.18625
161	981	2.13303
161	997	3.75089
162	259	0.681029
162	454	1.0026
162	922	3.9166
163	847	0.962052
163	893	1.54532
163	951	3.09263
163	995	3.40568
164	605	0.605655
164	966	2.13196
164	983	2.86238
165	614	0.644254
165	897	3.61839
165	995	4.04528
166	718	1.33714
166	836	0.326953
166	934	1.13514
166	979	2.80075
167	686	0.493009
167	730	3.29864
167	972	3.05136
168	596	0.926292
168	722	0.0599849
168	878	1.70634
168	990	2.9074
169	667	0.222242
169	936	0.800885
169	991	2.33688
169	998	2.46226
170	561	1.7735
170	591	1.04738
170	687	0.473076
170	986	4.07993
171	226	0.205612
171	947	2.24105
171	958	2.50034
172	572	0.923044
172	845	3.53201
172	876	1.55923
172	986	3.11775
173	394	4.40908
173	978	1.4453
173	980	1.62417
173	996	2.53051
174	472	0.380298
174	926	2.08175
174	969	3.13307
174	977	3.13862
175	457	1.87319
175	810	3.43848
176	184	2.4
176	485	0.924821
176	784	0.658172
176	992	4.01702
177	215	0.650738
177	633	0.582327
177	946	1.13007
177	995	3.23682
178	410	4.40908
178	704	0.601577
178	956	2.29073
178	969	2.7077
179	342	3.3541
179	632	4.34814
179	870	0.977733
180	734	1.76922
180	899	1.66443
180	909	2.16637
180	1000	2.355
181	674	1.41402
181	743	1.78694
181	801	4.15692
181	897	2.39901
182	906	1.05658
182	911	1.77392
182	920	2.21328
182	945	2.33014
183	495	1.71082
183	621	3.62894
183	663	2.22669
183	791	1.6625
184	207	1.27698
184	718	0.364057
184	998	3.95896
185	416	2.00269
185	544	2.90521
185	901	2.18371
186	284	0.183971
186	949	1.74662
186	961	2.37868
186	993	3.03735
187	756	1.38203
187	770	0.0385988
187	878	2.27502
187	993	3.28638
188	591	0.867439
188	919	2.39927
188	942	1.55149
188	985	3.18177
189	378	0.999953
189	612	0.302265
189	855	1.56373
189	916	2.73405
190	784	0.371638
190	832	0.252022
190	992	2.53049
190	995	2.44585
191	413	1.88442
191	628	1.7489
191	971	1.9667
191	994	2.9036
192	512	0.877982
192	743	0.650016
192	812	1.72086
192	935	2.35117
193	358	0.568587
193	369	3.3541
193	463	0.474507
193	986	4.55696
194	763	1.8672
194	783	1.27772
194	837	2.45511
194	843	1.8299
195	637	0.863063
195	898	1.77107
195	926	2.96696
195	946	4.3446
196	555	2.30099
196	724	0.206242
196	796	0.6369
196	997	4.75685
197	679	0.893239
197	778	1.93423
197	842	1.17367
197	933	2.49197
198	868	1.79663
198	872	1.81422
198	902	1.98916
198	925	5.79858
199	474	0.586189
199	829	2.70518
199	997	1.99621
199	999	3.01763
200	689	0.747052
200	805	2.05461
200	978	1.88387
200	996	2.96908
201	781	0.0515386
201	807	0.229402
201	978	2.11692
201	996	3.20213
202	837	3.1377
202	911	1.38667
202	992	3.36019
203	481	1.08528
203	828	2.50378
203	835	2.01093
203	922	3.07622
204	271	1.08116
204	695	1.03668
204	883	3.48216
204	954	4.62174
205	220	0.445418
205	562	1.24924
205	577	1.07662
205	907	2.82919
206	682	0.763969
206	889	1.77828
206	925	3.05778
206	957	3.1059
207	921	3.05534
207	941	1.43665
207	998	2.88638
208	736	1.43386
208	870	1.48408
208	881	1.29606
208	900	1.386
209	860	1.60953
209	883	2.39017
209	910	1.60031
210	387	1.13262
210	927	1.5721
210	952	3.34173
210	970	2.89528
211	487	1.01843
211	875	0.897528
211	912	1.35717
211	979	2.32686
212	375	1.21891
212	512	2.14056
212	789	2.24047
212	873	3.57331
213	649	3.04546
213	722	0.250193
213	974	2.18133
213	1000	3.16849
214	648	1.12214
214	732	4.26637
214	757	1.48436
214	808	2.99371
215	543	1.98923
215	563	2.77804
216	240	3.3541
216	831	0.733308
216	839	0.353995
216	985	4.51256
217	477	4.40908
217	769	0.872686
217	836	1.42512
217	941	3.30219
218	725	0.930056
218	834	0.680155
218	914	4.12649
218	967	4.32833
219	624	1.39771
219	644	2.29312
219	852	1.75498
219	906	2.45265
219	928	2.2209
220	715	4.74342
220	926	3.38666
220	942	3.408
221	793	2.42045
221	936	2.00262
221	951	2.46145
221	976	2.68038
222	847	0.968573
222	852	7.32999
222	912	1.39565
222	954	2.24366
222	998	3.21835
223	619	0.501282
223	829	1.78723
223	860	2.77345
223	910	2.76423
223	949	2.70073
224	489	4.40908
224	590	1.43373
224	636	1.16232
224	639	1.98546
224	923	3.24474
225	688	3.18697
225	932	0.18513
225	983	2.31405
225	991	1.86488
225	999	3.46219
226	363	0.729
226	888	3.3125
226	942	5.03106
227	342	0.250596
227	703	3.13981
227	734	1.56338
227	925	2.64268
227	982	3.36962
228	676	1.06228
228	763	1.84058
228	812	2.21706
228	897	4.57249
228	963	2.70635
229	309	0.824143
229	589	0.488021
229	677	3.52251
229	846	1.83459
229	942	4.67936
230	383	1.68177
230	479	0.723469
230	481	4.40908
230	979	4.66198
231	352	3.3541
231	800	1.51552
231	867	2.10237
231	982	3.66825
232	572	0.031447
232	865	1.65476
232	867	2.01338
232	970	4.12663
233	632	1.4985
233	667	1.57336
233	771	1.92099
233	960	2.83341
233	964	4.69029
234	476	0.372008
234	808	0.849161
234	944	4.11551
234	987	3.28461
234	989	3.32066
235	434	0.0614567
235	594	3.45916
235	898	2.05328
235	942	3.2705
235	947	2.44027
236	298	0.743941
236	399	0.586106
236	658	3.4982
236	838	1.27619
236	1000	5.21998
237	570	1.30836
237	730	0.862411
237	881	2.08825
237	974	3.56722
237	996	3.90824
238	243	1.67512
238	366	1.62512
238	421	2.21812
238	838	2.30781
238	903	3.33727
239	480	1.09461
239	584	1.97132
239	714	1.39913
239	971	3.36125
240	391	2.0428
240	663	1.15374
240	818	1.66996
240	937	2.95977
241	479	0.74348
241	569	0.875603
241	769	1.65576
241	927	3.84925
241	976	4.55138
242	440	0.844066
242	717	1.23759
242	725	1.17323
242	824	4.00832
242	967	4.5715
243	719	0.745813
243	763	2.19926
243	784	6.23538
243	935	3.20605
244	663	2.19854
244	776	0.838544
244	820	2.57422
244	829	3.65928
244	852	2.21494
245	299	0.717925
245	630	1.55449
245	749	0.928732
245	956	3.83606
245	993	4.62509
246	483	1.01674
246	760	2.13684
246	816	2.64161
246	903	2.55037
247	352	0.389683
247	742	2.39893
247	751	2.60626
247	854	2.43128
247	942	2.96743
248	386	0.160057
248	506	0.74287
248	952	2.9028
248	983	4.02051
248	998	2.67583
249	582	3.25509
249	750	1.96773
249	751	1.43833
249	905	2.18528
249	922	2.23489
250	254	2.2459
250	259	0.675052
250	843	2.61362
250	892	2.29204
250	978	4.03112
251	413	1.72074
251	665	0.932986
251	759	1.62192
251	916	3.55057
252	253	0.680282
252	574	0.331874
252	951	3.29312
252	954	3.52097
252	972	2.90025
253	852	2.43631
253	923	3.35655
254	453	4.40908
254	604	0.282778
254	943	4.02275
255	920	1.51486
255	937	1.45013
255	955	1.52197
255	992	3.3393
255	997	4.70499
256	706	1.18042
256	792	1.87571
256	885	1.57359
256	925	3.19653
257	504	2.75385
257	793	0.86151
257	924	1.10022
257	974	2.05556
257	996	3.80895
258	328	0.814367
258	353	0.394685
258	562	2.33361
258	985	4.28335
258	990	4.25209
259	345	1.65849
259	965	4.25895
259	989	4.8116
260	485	1.7868
260	675	1.89912
260	697	0.724693
260	904	2.40928
260	911	2.90549
261	826	2.1216
261	828	1.89761
261	860	2.53639
262	292	3.3541
262	321	1.55669
262	495	1.8626
262	570	1.51769
262	868	2.88926
263	291	3.3541
263	735	1.38273
263	779	1.3044
263	877	1.98097
263	965	3.15815
264	669	0.576353
264	806	1.57486
264	844	4.32733
264	861	1.79748
264	975	3.87773
265	273	1.83378
265	274	1.54285
265	726	2.1886
265	824	2.26106
265	929	3.50235
266	714	0.974837
266	859	1.51607
266	872	1.9068
266	927	2.00608
266	970	3.32926
267	501	1.33996
267	502	2.77804
267	623	0.768616
267	789	2.71108
267	790	3.0066
268	289	0.45455
268	653	0.302302
268	811	4.35728
268	991	2.73603
268	999	4.33335
269	377	2.54626
269	653	0.383544
269	803	0.176178
269	863	1.45709
269	999	5.80941
270	511	0.310805
270	558	0.334868
270	894	3.41805
270	933	3.76233
271	751	2.71857
271	883	1.9426
271	908	1.13047
271	983	3.67201
272	782	1.20793
272	859	1.64332
272	896	1.73307
272	950	2.72924
272	986	3.24199
273	366	1.18315
273	389	4.40908
273	855	3.25784
274	316	1.51365
274	538	1.80282
274	689	1.61038
274	855	2.96691
275	403	1.30352
275	529	1.62224
275	676	2.02246
275	840	2.87805
275	847	2.66955
276	403	2.8719
276	767	2.77579
277	282	2.53886
277	296	1.00098
277	677	2.24696
277	823	2.03943
277	871	4.53736
278	459	1.67705
278	743	1.22808
278	848	1.53115
278	883	2.75317
278	930	2.31384
279	395	0.512112
279	452	1.16815
279	845	4.48612
279	935	3.14352
279	963	3.0025
280	308	1.48416
280	676	2.112
280	716	1.95109
280	726	2.27901
280	867	2.83891
281	505	0.33654
281	952	1.95266
281	966	2.33995
281	970	3.74136
281	997	3.19709
282	609	1.09866
282	879	4.04656
282	888	2.2347
282	939	1.95403
283	327	0.413327
283	369	0.416673
283	715	4.74342
283	944	3.15308
283	984	3.84316
284	907	1.39058
284	978	2.99389
284	990	3.25781
285	453	0.0765464
285	533	0.83856
285	822	1.6785
285	995	5.23263
286	788	0.295857
286	904	2.04714
286	953	2.78368
286	955	2.69954
287	796	1.20038
287	863	1.00149
287	882	6.97565
287	961	2.1411
287	983	3.48327
288	343	1.11571
288	493	2.04765
288	811	4.35728
288	932	3.54562
289	737	2.54844
289	874	2.01163
289	894	3.70989
289	908	2.81163
290	312	0.973133
290	374	1.88809
290	639	2.53874
290	836	2.42627
290	931	3.62061
291	515	0.944077
291	690	0.57417
291	858	3.1856
291	859	3.12238
292	623	0.0291156
292	790	0.553382
292	992	3.6642
292	995	3.57956
293	428	1.81915
293	813	1.25951
293	863	1.66609
293	962	3.08149
294	712	1.59742
294	817	1.25489
294	905	1.99251
294	972	2.98147
294	978	4.03112
295	442	2.07103
295	517	1.63705
295	626	1.63251
295	880	2.48611
295	960	3.52164
296	371	3.3541
296	835	1.25597
296	848	1.94622
296	944	3.62308
297	486	1.77647
297	554	0.71798
297	762	2.75549
297	784	6.23538
297	794	2.57625
298	323	0.322723
298	465	4.40908
298	924	2.4786
298	980	4.28098
299	551	1.61442
299	814	4.01375
299	830	1.94597
299	914	3.54793
300	558	5.55608
300	913	0.684533
300	961	1.79663
300	990	2.645
300	1000	2.70007
301	436	0.867934
301	792	4.21732
301	913	1.21854
301	965	2.56077
301	990	3.179
302	802	2.21839
302	814	2.5675
303	692	1.33345
303	796	2.31031
303	803	1.81843
303	886	3.79207
304	771	1.50358
304	789	1.4297
304	812	2.17267
304	914	2.72032
305	502	2.77804
305	845	1.18219
305	965	1.89049
305	978	2.24481
305	990	2.50873
306	433	1.78553
306	456	1.54613
306	774	1.59543
306	851	2.899
306	956	3.83606
307	564	1.53878
307	685	8.1
307	908	1.34697
307	997	1.95954
307	999	2.98095
308	542	1.92359
308	799	2.25393
308	925	6.75268
309	842	0.301998
309	860	4.59496
309	975	3.18441
309	987	3.51577
310	375	2.08619
310	443	1.06993
310	550	1.62612
310	720	4.21593
310	855	3.04387
311	788	3.02133
311	881	0.789195
311	929	1.69437
311	945	2.46618
311	968	2.87649
312	321	3.3541
312	875	1.72122
312	893	1.2537
312	991	3.87817
313	497	0.345057
313	729	1.94363
313	821	1.80477
313	948	2.82903
313	957	2.84734
314	416	2.72173
314	871	0.325559
314	945	1.94954
314	968	2.35985
314	988	3.19128
315	339	3.3541
315	446	0.0728474
315	471	2.42228
315	663	2.41017
315	868	2.92096
316	512	2.30429
316	777	4.94494
316	799	1.77643
316	824	2.23187
317	426	1.37016
317	450	0.673024
317	896	2.02982
317	945	3.83586
317	970	3.75327
318	661	2.00195
318	839	1.63349
318	947	3.33153
319	665	0.942012
319	711	0.924184
319	863	3.52006
319	970	5.02369
320	768	0.883455
320	958	1.22791
320	965	4.25895
320	967	2.28627
320	985	3.42914
321	408	1.64131
321	937	4.32786
322	410	0.907743
322	686	1.14581
322	751	1.96825
322	960	3.52164
322	973	3.80444
323	454	4.40908
323	940	1.6163
323	980	2.90108
323	990	2.98613
324	413	0.833464
324	555	3.25509
324	890	0.834593
324	949	2.4336
324	970	3.72457
325	431	0.346567
325	808	2.98668
325	842	1.72786
325	921	2.76527
325	980	3.70517
326	481	1.23302
326	634	1.22154
326	733	3.81638
326	960	3.86003
327	364	3.3541
327	557	1.0209
327	888	2.74906
327	944	3.64298
328	600	0.603944
328	671	1.08394
328	861	2.27493
328	985	5.32433
329	593	1.49181
329	639	0.904016
329	912	2.29566
329	925	6.75268
329	976	3.13474
330	418	1.82364
330	590	1.11252
330	741	0.916989
330	814	1.84718
330	922	3.23847
331	858	1.18542
331	876	1.16235
331	943	4.02731
331	970	2.9354
331	971	2.54309
332	422	4.40908
332	919	1.10305
332	961	0.835228
332	994	2.56243
332	999	3.32553
333	866	0.886455
333	877	1.84035
333	950	1.87335
333	982	3.22609
333	1000	3.3091
334	397	1.32391
334	792	4.21732
334	804	0.983845
334	979	2.33274
334	998	3.18574
335	414	0.0392014
335	436	0.962627
335	832	2.96099
335	924	2.05784
335	996	4.76657
336	480	1.36255
336	847	2.66955
336	859	2.2083
336	971	3.62919
337	851	0.458952
337	872	0.782749
337	945	3.83586
337	967	3.01836
337	977	3.56647
338	710	3.39754
338	845	1.8616
338	924	1.30071
338	978	2.92422
339	588	1.59052
339	589	0.317129
339	839	1.98019
339	958	3.93753
340	548	0.469448
340	747	3.37967
340	805	2.47408
340	944	3.9037
341	698	0.123144
341	861	0.947964
341	900	3.82314
341	987	3.35957
341	989	3.39562
342	465	1.19366
342	810	3.11048
342	917	3.27144
343	770	4.48719
343	919	1.92576
343	961	1.65794
343	997	3.12683
344	641	1.35443
344	761	1.40387
344	912	2.60013
344	923	2.46778
344	996	3.90824
345	647	1.64258
345	895	1.84093
345	948	2.68426
345	997	4.70499
346	486	0.893177
346	534	0.562858
346	915	2.12114
346	948	3.68806
346	993	4.24907
347	530	1.27316
347	622	0.421306
347	798	4.51832
347	946	2.01252
347	995	4.11927
348	434	4.40908
348	875	1.31443
348	936	1.9354
348	954	2.62208
348	964	1.95433
349	517	2.64124
349	552	0.164667
349	694	1.67142
349	911	3.24078
349	936	2.74941
350	663	1.60355
350	732	0.549117
350	874	4.14928
350	887	1.67209
350	968	4.00148
351	693	0.483591
351	787	1.87944
351	893	1.84847
351	969	4.08717
351	976	3.61471
352	518	2.509
352	901	1.85081
352	957	3.07675
353	671	0.399318
353	732	5.22047
353	926	2.98809
353	977	4.04496
354	378	1.59554
354	418	1.78216
354	702	1.2516
354	922	3.19698
354	974	3.09915
355	603	0.792513
355	804	4.17466
355	848	1.73537
355	898	2.53064
355	956	2.76783
356	443	0.862196
356	551	2.25714
356	675	2.37957
356	716	2.3273
356	881	4.49857
357	723	1.78058
357	760	1.62169
357	797	1.20423
357	833	3.4543
357	957	3.21971
358	707	1.51071
358	782	2.61091
358	896	3.13606
359	532	0.52178
359	894	1.41331
359	933	1.75759
359	955	3.40384
359	987	4.13358
360	629	0.454385
360	748	1.32829
360	868	5.22798
360	931	2.42071
360	986	3.62289
361	863	0.0865807
361	878	2.62214
361	919	1.3526
361	994	2.81198
361	999	3.57508
362	419	0.0485057
362	582	0.0310553
362	997	3.36264
362	999	4.38405
363	942	2.41755
363	964	4.69029
363	981	2.22688
363	982	2.45301
364	737	0.596351
364	825	0.18843
364	988	3.41496
364	989	3.6265
365	427	1.60518
365	634	0.850954
365	922	4.03033
365	930	2.56016
365	956	2.80993
366	724	3.91646
366	886	1.94458
366	914	3.07339
367	512	1.63715
367	783	1.51407
367	824	1.56473
367	935	3.11033
367	988	4.3088
368	647	2.89182
368	790	2.69487
368	815	2.82033
368	822	2.16691
369	620	0.900149
369	699	2.16662
369	984	4.34275
370	514	0.262038
370	697	1.09934
370	799	1.23624
370	992	5.25365
371	596	0.978306
371	656	0.947748
371	864	0.90483
371	996	4.99535
372	865	1.74138
372	877	2.28014
372	925	2.93894
372	943	4.02731
373	591	1.54865
373	666	0.981554
373	708	1.54768
373	941	2.45153
373	964	2.25883
373	979	3.04826
374	425	0.895428
374	951	2.02465
374	954	2.2525
374	975	5.50708
374	998	3.22719
375	464	2.16766
375	529	2.08774
375	824	2.72745
375	949	3.75571
376	528	1.54602
376	593	1.25479
376	804	1.67943
376	923	1.92628
376	950	3.78422
376	998	3.88133
377	652	0.53746
377	749	2.65133
377	896	2.54223
377	927	2.94249
377	970	4.26567
378	421	1.74811
378	620	2.19648
378	642	2.49833
378	821	3.44589
379	807	1.18009
379	850	0.589031
379	878	2.13046
379	898	4.53202
379	980	3.24647
379	993	3.14182
380	540	1.31353
380	674	1.91481
380	726	2.3708
380	914	3.90622
381	479	4.40908
381	645	1.96597
381	703	1.2379
381	837	3.40306
381	931	0.56887
381	963	3.68092
382	715	0.476137
382	851	3.11637
382	876	2.89207
382	908	2.04413
382	962	2.79689
382	994	4.97071
383	396	1.07424
383	771	4.84279
383	841	1.49442
383	998	5.29378
384	520	0.431099
384	850	3.90724
384	933	1.80722
384	975	3.85184
384	987	4.1832
385	651	1.44006
385	846	1.22532
385	872	2.3219
385	875	5.77706
385	894	2.47812
385	933	2.8224
386	525	0.147995
386	966	2.86104
386	991	3.14227
386	994	3.97649
387	426	3.15645
387	543	2.37528
387	816	5.16067
387	822	0.890082
388	789	5.22637
388	805	1.83644
388	847	0.883708
388	883	2.81122
388	888	2.37214
388	898	2.38448
389	694	0.866325
389	752	0.36239
389	992	4.4092
389	995	4.32457
390	507	3.76701
390	575	0.743525
390	640	1.83149
390	713	0.816586
390	806	2.29678
390	975	4.59964
391	731	1.06918
391	852	2.03134
391	900	2.41552
391	906	2.72901
391	990	5.30707
392	738	4.82236
392	775	0.401542
392	816	1.29615
392	927	2.11204
392	970	3.43522
392	971	3.04292
393	459	2.73203
393	514	0.891956
393	530	1.24434
393	946	3.69218
393	953	4.15039
394	450	0.506522
394	759	1.02846
394	896	2.69776
394	916	2.95711
394	927	3.09802
395	538	0.938285
395	789	2.16626
395	916	3.2727
395	963	3.39852
396	445	1.35831
396	646	2.68937
396	889	2.18397
396	909	2.78132
396	981	3.96429
397	552	1.32609
397	609	0.85475
397	787	2.85332
397	953	3.90609
397	964	3.92977
398	465	2.42264
398	582	2.66322
398	605	1.47424
398	885	3.72774
398	896	0.00475677
398	989	6.16245
399	407	4.40908
399	666	1.45848
399	938	2.35007
399	1000	4.26326
400	615	0.800909
400	736	1.93518
400	900	1.88732
400	902	2.19007
400	945	3.47437
401	705	0.169412
401	827	1.06052
401	958	3.36526
401	977	4.97174
402	587	4.96445
402	667	1.62257
402	785	1.5503
402	826	1.8981
402	860	2.31289
402	956	2.90398
403	407	1.47683
403	455	1.01497
403	674	2.08979
403	726	2.54579
404	474	1.27471
404	643	0.167616
404	952	1.82067
404	983	2.93838
404	999	4.08652
405	417	0.74458
405	617	1.91088
405	663	5.63939
405	911	4.37519
406	410	1.67433
406	702	1.58602
406	723	2.31326
406	760	2.15437
406	849	4.02845
406	854	2.55985
407	546	1.22986
407	676	2.19578
407	716	2.03487
407	812	3.35055
408	602	1.64024
408	871	2.82673
408	900	2.86366
409	727	1.85463
409	729	0.525075
409	735	1.64434
409	778	4.71487
409	907	2.17077
409	1000	4.09306
410	786	2.23488
410	821	3.19026
411	519	0.719213
411	681	8.1
411	732	0.895154
411	825	0.895786
411	920	3.20955
411	988	4.56814
412	656	0.542931
412	802	4.38992
412	940	1.21102
412	980	2.49581
412	996	3.40215
412	1000	2.63593
413	450	1.85381
413	876	3.99544
413	882	8.03063
414	740	3.7807
414	845	1.72931
414	965	2.43761
414	980	2.9708
414	1000	3.11092
415	445	2.57223
415	467	2.21023
415	631	2.29589
415	680	2.02358
415	808	3.77048
416	483	2.18579
416	484	2.28085
416	855	2.27822
416	873	3.81856
417	753	0.777725
417	815	2.14454
417	822	1.49112
417	923	3.70143
417	992	5.12989
418	442	1.21811
418	625	1.80642
418	705	4.1926
418	751	3.65752
419	542	1.67667
419	617	1.09047
419	803	1.65529
419	862	3.17409
419	966	5.40997
420	761	0.221299
420	766	0.125714
420	983	3.21679
420	994	3.60183
420	997	3.34352
421	642	1.58042
421	855	2.31188
421	879	2.4293
421	884	3.74689
422	464	1.50077
422	675	1.71243
422	812	2.97585
422	914	3.52351
423	435	0.803945
423	440	0.885862
423	537	2.40142
423	731	3.80473
423	747	1.03721
423	977	5.16141
424	572	1.50441
424	652	1.87138
424	707	2.25079
424	711	1.50008
424	833	3.16113
424	954	6.63082
425	710	1.8839
425	740	1.06963
425	787	2.36691
425	947	3.78205
425	955	4.07199
426	567	1.01428
426	629	1.11879
426	908	9.6213
426	949	3.62814
427	835	3.0092
427	962	4.38474
428	490	2.59535
428	580	0.938675
428	962	4.93468
429	662	0.933132
429	739	1.23776
429	875	2.12011
429	923	2.44739
429	979	3.54944
429	992	4.86426
430	756	1.28656
430	777	5.99992
430	831	0.449841
430	942	1.96232
430	977	2.99785
430	985	3.5926
431	534	5.55608
431	575	0.890279
431	843	1.63855
431	861	2.66615
431	975	4.7464
432	557	5.55608
432	849	1.17003
432	921	1.4685
432	938	1.58408
432	943	1.80172
432	996	4.2635
433	500	0.354637
433	669	2.20684
433	706	3.75372
433	849	2.88424
433	895	3.05673
434	472	0.260454
434	537	1.28412
434	977	4.04411
434	985	4.63886
435	600	1.4847
435	725	1.66394
435	985	6.20509
436	697	8.1
436	978	3.11751
436	996	4.20272
437	780	0.148329
437	814	1.20133
437	832	4.01597
437	922	2.59262
437	957	2.81361
437	972	3.53197
438	458	1.17962
438	738	1.38494
438	786	1.2159
438	828	3.8929
438	917	2.46505
438	982	4.04224
439	460	0.495284
439	531	0.86352
439	731	1.26391
439	852	2.22608
439	910	4.83797
439	988	5.43905
440	831	2.50775
440	869	6.02486
440	947	3.82648
441	562	1.93022
441	646	2.32104
441	671	2.32216
441	747	1.8436
441	996	4.96322
442	449	0.480843
442	933	5.91896
442	948	2.83561
442	982	3.6823
443	763	2.25001
443	916	2.98996
443	963	3.11578
443	983	4.86167
444	700	0.929263
444	873	5.5824
444	926	2.55205
444	947	1.74315
444	958	2.00245
444	967	3.06081
445	581	1.69565
445	598	2.54266
445	720	5.27091
445	772	2.11903
446	820	1.38196
446	842	3.80142
446	906	1.72035
446	920	2.87705
446	988	4.23565
447	620	0.661037
447	808	2.02294
447	840	3.97464
447	895	1.67554
447	921	1.80152
447	975	4.12703
448	551	3.49393
448	731	0.345998
448	870	1.14868
448	929	1.86583
448	968	3.04796
448	988	3.87939
449	497	1.43554
449	561	3.78258
449	742	2.71292
449	922	3.71682
450	858	3.39775
450	934	5.98367
450	949	3.85675
451	748	4.10045
451	754	1.13378
451	779	1.71817
451	866	1.44084
451	867	2.2146
451	982	3.78047
452	550	1.83761
452	636	6.78823
452	838	1.86336
452	935	4.69253
453	709	1.30231
453	801	2.10961
453	822	1.62262
453	995	5.17676
454	821	2.13333
454	853	1.55406
454	921	2.44025
454	948	3.15759
455	597	6.78823
455	793	1.59111
455	807	3.00849
455	830	2.41576
455	924	3.27249
456	762	3.26084
456	806	2.96595
456	849	2.64485
456	894	2.87991
457	531	0.189837
457	907	4.98824
457	920	2.92098
457	929	2.26602
457	945	3.03783
458	573	2.1587
458	631	1.99659
458	680	1.72428
458	882	3.22897
459	693	1.15885
459	939	3.14823
459	998	5.27359
460	595	4.39865
460	870	2.12786
460	881	1.93984
460	887	1.69774
460	968	4.02713
461	589	0.846356
461	646	2.42647
461	709	4.97481
461	928	0.48344
461	942	5.0377
462	668	1.17953
462	690	5.42748
462	786	1.17475
462	867	2.43521
462	880	1.72344
462	981	3.77496
463	637	4.45369
463	707	1.41663
463	976	3.8141
463	979	3.94471
464	550	1.70759
464	592	6.78823
464	763	3.55571
465	573	1.36635
465	899	2.40165
465	909	2.90359
466	485	2.24158
466	752	1.28697
466	801	2.182
466	832	1.71326
466	852	8.38497
466	904	2.86406
467	478	1.13355
467	735	1.00123
467	882	2.89748
467	925	4.04661
467	974	3.01045
468	640	1.82614
468	846	0.952588
468	853	1.3826
468	881	5.55355
468	892	1.16486
468	989	4.9617
469	515	1.15067
469	524	1.27242
469	677	4.57749
469	711	1.04267
469	816	3.0031
469	927	3.81899
470	782	0.807897
470	816	0.917415
470	970	3.05649
470	971	2.66418
470	986	2.84196
471	559	5.55608
471	578	2.10845
471	900	3.75629
471	946	2.75018
472	717	1.80429
472	747	1.56212
472	985	6.28107
472	991	4.95209
473	510	0.977997
473	532	5.55608
473	860	2.65349
473	930	2.99481
473	969	3.66156
474	643	3.52984
474	655	4.77567
475	625	0.57995
475	798	1.45132
475	884	1.84711
475	936	3.19528
475	964	3.21422
475	975	5.50708
476	659	0.119933
476	720	1.20476
476	958	3.40235
476	984	3.89059
476	989	4.7005
477	526	0.571073
477	633	2.12771
477	733	1.68697
477	752	2.1625
477	904	3.73959
478	745	1.94898
478	792	2.2799
478	800	2.17493
478	917	2.75047
478	999	4.05502
479	710	1.13358
479	976	3.35186
479	998	4.33547
480	594	2.18496
480	775	3.36978
480	791	4.07389
481	677	1.57629
481	910	2.68799
481	969	3.70527
482	520	1.42864
482	532	1.56895
482	635	2.45687
482	659	0.636235
482	778	2.24703
482	984	4.4069
483	797	1.57728
483	812	4.97458
483	972	4.31112
484	556	0.99325
484	742	2.46293
484	869	6.02486
484	905	3.41722
485	644	1.05168
485	784	4.28296
485	960	4.57662
486	649	5.05454
486	668	2.01018
486	865	2.90724
486	891	2.70077
487	528	0.867685
487	716	0.359315
487	973	4.53721
487	976	3.70906
487	998	4.69267
488	762	1.72788
488	779	1.82248
488	794	1.54864
488	950	2.53204
488	959	2.65676
489	759	0.624147
489	858	2.26691
489	876	2.24384
489	916	2.55279
489	931	2.60018
490	527	5.55608
490	701	0.696691
490	724	1.2226
490	774	0.379019
490	997	5.7732
491	803	0.131562
491	824	5.0633
491	869	1.28957
491	966	3.57534
491	994	4.69079
492	713	0.746783
492	861	0.650414
492	946	6.35368
492	975	2.73066
492	987	3.06202
492	989	3.09807
493	621	3.15929
493	657	0.700806
493	717	4.67515
493	869	3.13151
493	994	6.53273
494	759	1.32721
494	859	2.90675
494	896	2.99651
494	942	3.07209
494	951	1.71179
494	986	4.50542
495	549	5.45826
495	730	1.91253
495	887	2.89628
495	928	3.31005
496	612	6.78823
496	897	1.7674
496	898	2.25367
496	944	3.13526
496	960	2.4695
496	969	2.90784
497	678	0.879771
497	821	2.76604
497	948	3.79031
497	973	4.62725
498	559	0.316133
498	628	1.0635
498	859	2.24877
498	971	3.66966
498	986	3.84743
498	993	6.11312
499	657	0.304896
499	848	4.43737
499	961	1.29299
499	983	2.63515
499	991	2.18598
499	997	2.76188
499	999	3.78329
500	520	0.916281
500	536	4.32577
500	720	1.2087
500	895	1.88553
500	984	3.89453
500	989	4.70444
501	674	1.84944
501	757	5.77037
501	789	2.55023
501	879	2.60376
501	914	3.84085
502	868	1.5038
502	900	1.39359
502	920	2.86378
502	945	2.98064
502	988	4.22238
503	643	0.158988
503	667	3.37832
503	932	1.22195
503	962	1.56209
503	966	2.62046
503	991	2.9017
503	999	4.49901
504	576	0.750316
504	926	2.37112
504	942	2.39246
504	966	3.3768
504	977	3.42799
504	985	4.02275
505	635	1.25004
505	657	0.818597
505	930	5.60693
505	961	2.83844
505	962	2.39182
505	999	5.32874
506	559	0.599887
506	919	2.44287
506	931	1.74441
506	934	7.13067
506	971	2.76881
506	999	4.66535
507	598	1.82454
507	882	2.54136
507	885	2.06755
507	917	2.84024
507	925	3.69049
507	993	2.34612
508	574	0.765579
508	660	0.823032
508	794	2.01355
508	899	2.43867
508	904	3.41183
508	925	3.62277
508	981	4.12358
509	520	0.892681
509	819	3.62538
509	875	4.51177
509	892	0.883996
509	895	1.86193
509	987	4.64479
509	989	4.68084
510	660	1.23433
510	691	2.00396
510	761	4.39682
510	828	2.4402
510	848	2.63761
510	956	3.67007
511	532	0.714018
511	572	5.55608
511	583	0.0671434
511	975	3.99446
511	984	3.55197
511	987	4.32582
512	676	3.40963
512	767	2.59457
513	565	2.36615
513	588	0.424212
513	709	4.51202
513	765	0.386704
513	980	3.70224
513	996	4.60859
513	1000	3.84236
514	784	2.38355
514	911	3.76888
514	972	2.28049
514	995	5.65777
515	559	1.32507
515	833	2.63244
515	859	3.2577
515	907	6.13524
515	931	3.6542
516	727	0.925396
516	807	0.957334
516	845	1.78223
516	961	2.26039
516	971	5.3319
516	990	3.10877
516	996	3.93006
517	661	2.64568
517	794	2.50481
517	819	2.56285
517	959	3.61293
517	978	3.59186
518	529	5.55608
518	811	1.03139
518	854	1.99677
518	929	0.283392
518	957	3.18931
518	993	4.23767
519	723	0.993076
519	780	1.37494
519	818	3.24026
519	820	3.09972
519	937	4.53007
520	853	2.85817
520	868	7.42995
520	989	6.43727
521	527	0.163659
521	781	0.0813594
521	907	1.74987
521	965	2.99886
521	980	3.53205
521	985	5.82472
521	996	4.43839
522	644	4.4951
522	700	2.41739
522	717	1.21502
522	774	0.685962
522	861	2.7782
522	985	5.6918
523	820	1.20217
523	918	1.57583
523	920	2.69726
523	929	2.0423
523	937	2.63252
523	945	2.81411
524	767	5.7089
524	777	0.703334
524	859	3.37945
524	970	5.19265
525	579	5.55444
525	673	0.462491
525	932	1.55563
525	962	1.89578
525	994	4.0696
525	999	4.8327
526	655	1.11496
526	688	4.91303
526	946	2.90439
526	953	3.36259
526	959	0.353676
526	995	5.01114
527	607	0.0420678
527	666	1.95495
527	924	2.81724
527	996	5.52597
528	608	0.92028
528	739	2.13731
528	936	3.64062
528	941	3.85226
528	982	6.22977
529	550	1.62767
529	799	2.48153
529	840	3.55308
530	752	2.04797
530	760	3.08947
530	900	3.53681
530	911	4.12126
530	955	4.27746
531	814	6.21572
531	870	2.4961
531	900	2.39801
531	929	3.21325
531	937	3.80347
532	575	2.35405
532	774	2.03768
532	984	5.76767
533	638	0.275912
533	815	1.6322
533	860	6.79694
533	953	2.88437
533	955	2.80022
533	995	4.53292
534	596	1.71533
534	749	1.02502
534	938	3.05296
534	1000	4.96615
535	613	0.706096
535	839	7.79766
535	872	3.72081
535	921	3.94043
536	663	2.46061
536	706	0.964226
536	882	1.8312
536	925	2.98033
536	981	3.48115
536	982	3.70727
537	687	2.93373
537	707	5.74146
537	725	3.26142
537	747	3.08361
537	748	0.0150036
538	540	1.3913
538	674	1.99258
538	886	2.85518
538	914	3.98399
538	988	6.51077
539	729	0.452381
539	826	1.89431
539	845	2.96423
539	938	2.43264
539	961	3.44239
539	965	3.67253
540	771	2.69315
540	837	3.57367
540	935	3.99255
540	953	2.13617
541	676	3.12765
541	719	2.4525
541	834	2.3664
541	913	4.86922
542	551	2.32035
542	780	4.55906
542	783	2.74025
542	789	2.96324
542	879	3.01677
543	569	3.70177
543	784	2.50109
543	788	1.63893
543	801	2.70816
543	953	4.12676
544	637	2.90921
544	687	1.79589
544	795	1.93624
544	839	2.50616
544	893	2.04751
544	898	3.81722
545	711	6.11988
545	787	0.524523
545	830	0.940175
545	913	1.72387
545	965	3.0661
545	993	3.49463
545	1000	3.7394
546	645	2.06093
546	763	2.9101
546	766	0.303393
546	775	7.46598
546	840	2.98739
546	963	3.77587
547	633	0.985837
547	752	1.02063
547	963	0.0479763
547	971	4.90052
547	992	5.06744
547	995	4.9828
548	704	1.45766
548	785	1.79313
548	808	4.91748
548	860	2.55571
548	930	2.89703
548	944	3.79121
549	840	2.68843
549	844	1.88599
549	880	1.99017
549	898	0.220759
549	909	2.85872
549	925	3.54087
550	879	2.49324
550	906	4.94128
550	963	3.67197
551	879	3.33199
551	886	3.44028
551	990	2.96014
552	618	1.28958
552	912	3.05817
552	936	3.2195
552	948	5.89004
552	954	3.90618
553	676	2.03339
553	703	1.23445
553	726	2.2004
553	905	9.17037
553	935	3.81848
553	963	3.67746
553	980	0.896445
554	792	1.72548
554	866	1.4336
554	889	1.7668
554	976	5.58138
554	981	3.54711
554	982	3.77324
555	611	0.898111
555	647	1.94009
555	805	2.95401
555	897	3.01577
555	969	4.15621
556	699	5.20324
556	749	0.968311
556	903	2.43182
556	918	0.095779
556	965	4.23614
556	972	4.33468
557	566	1.0034
557	764	3.20564
557	910	3.35867
557	956	3.95898
558	669	0.717147
558	808	1.91443
558	894	1.62961
558	975	4.01852
558	987	4.34988
559	970	5.31657
559	986	5.10204
560	672	5.93181
560	806	1.62323
560	842	0.563184
560	851	1.05718
560	894	1.53719
560	975	3.9261
560	987	4.25746
561	653	1.06109
561	863	2.13464
561	874	1.99728
561	952	4.22111
561	962	3.55004
562	958	4.32375
562	992	6.01126
563	621	0.61124
563	751	2.51991
563	760	1.93944
563	957	3.53747
563	973	4.3561
564	692	0.367024
564	795	5.23365
564	908	2.07966
564	991	4.17202
564	997	4.74792
565	791	1.25289
565	887	1.88562
565	889	2.39958
565	906	2.53114
565	920	3.68784
565	974	3.60668
566	632	1.62482
566	764	2.22774
566	828	1.75121
566	888	2.73156
566	944	3.62548
566	986	6.4956
567	568	1.4793
567	584	1.96595
567	812	6.12157
567	927	2.425
567	931	2.33148
567	970	3.74819
568	650	0.531184
568	707	1.08514
568	858	2.68396
568	949	3.14296
568	971	4.04163
568	994	6.05968
569	739	1.30292
569	779	1.36775
569	954	3.49291
569	964	2.82516
569	998	4.4676
570	773	1.34505
570	827	4.52658
570	870	2.98148
570	871	2.84646
570	928	2.96514
571	805	1.83269
571	860	2.02682
571	883	2.80747
571	925	11.6528
571	944	3.26232
571	969	3.03489
571	973	0.684939
572	584	3.18499
572	927	3.64405
572	949	3.67625
573	764	0.720993
573	846	10.5405
573	866	2.68168
573	882	3.14525
573	909	3.61222
574	583	5.55608
574	746	0.300767
574	810	2.64538
574	982	4.38353
574	991	4.83782
575	745	5.04682
575	849	3.01051
575	924	0.172695
575	987	5.96585
576	646	2.45949
576	671	2.4606
576	717	2.22421
576	869	5.37871
576	933	3.30302
576	942	5.07071
577	897	6.77446
577	913	1.04249
577	940	1.63313
577	965	2.38472
577	990	3.00296
577	996	3.82425
578	820	2.47202
578	872	2.62471
578	928	2.57865
578	952	7.40755
578	959	3.18034
578	998	0.0352381
579	757	1.65012
579	806	0.00163996
579	901	2.44775
579	948	3.65539
579	972	4.39206
580	607	6.78823
580	919	2.91546
580	932	1.86087
580	966	3.25938
580	977	1.21438
580	983	3.9898
581	626	1.39651
581	652	1.31828
581	910	4.89446
581	915	2.6198
581	917	2.95057
581	981	4.30163
582	828	2.30789
582	848	2.5053
582	983	5.45672
583	894	2.63286
583	984	4.57928
583	987	5.35313
584	800	4.58007
584	830	5.20368
585	843	0.767023
585	851	1.00595
585	894	1.48597
585	935	6.21062
585	975	3.87487
585	987	4.20624
586	618	0.428729
586	815	0.810584
586	908	0.774677
586	967	4.91598
586	992	3.79594
586	995	3.7113
586	997	3.44295
587	591	0.970651
587	795	0.536698
587	843	1.25367
587	967	4.12232
587	977	4.67043
587	985	5.26518
588	700	3.33466
588	798	7.95244
588	947	4.14855
588	974	4.49183
589	768	1.57084
589	926	3.68406
589	941	6.24344
589	967	4.19281
589	977	4.74092
590	597	1.13415
590	618	1.76963
590	839	7.9173
590	923	3.40587
590	964	3.71849
590	976	4.37731
591	674	8.1
591	947	4.40225
591	985	6.86277
592	611	0.618936
592	764	2.70672
592	888	3.21053
592	930	3.21028
592	960	3.4387
593	597	0.564529
593	884	1.78176
593	934	2.27269
593	968	7.00876
593	976	3.80769
593	991	4.66592
594	628	1.84545
594	748	2.33477
594	899	3.24925
594	970	4.84391
594	986	4.62937
595	679	1.27457
595	740	0.808236
595	766	0.579333
595	911	3.6544
595	953	3.89474
595	992	5.62792
596	845	4.26471
596	922	8.11584
596	938	3.73313
596	940	4.22141
596	950	0.0118542
597	836	1.57341
597	875	2.61788
597	939	2.77485
597	964	3.25778
597	976	3.9166
598	637	0.476476
598	728	1.99008
598	794	3.03862
598	844	2.99295
598	865	3.45027
598	984	6.21836
599	608	0.663261
599	651	0.0098935
599	787	2.32609
599	798	1.63965
599	841	1.24562
599	991	4.9196
599	997	9.33631
599	998	5.04498
600	795	1.70843
600	942	4.80663
600	967	5.29405
600	975	7.88622
601	714	2.35881
601	876	2.94019
601	896	2.98979
601	931	3.29653
601	939	4.93555
601	949	3.42226
601	984	1.71493
602	615	1.83492
602	773	1.38298
602	906	3.23482
602	968	4.91869
602	995	7.7939
603	677	2.24934
603	691	2.29524
603	809	2.59852
603	826	2.95546
603	854	6.06947
603	960	3.93999
604	849	0.93496
604	943	1.56665
604	975	3.55893
604	987	3.8903
604	989	3.92635
605	862	1.30145
605	901	9.0942
605	966	3.53733
605	983	4.26774
605	993	1.1813
605	994	4.65278
606	646	0.974027
606	658	0.0162753
606	768	1.4507
606	849	0.209524
606	926	3.56392
606	939	6.49739
606	977	4.62078
606	985	5.21554
607	708	0.836833
607	735	1.73074
607	878	2.92333
607	938	2.26627
607	978	3.86048
607	1000	4.17946
608	902	0.0161069
608	923	2.79022
608	936	3.0839
608	960	7.11739
608	976	3.76166
608	991	4.61989
609	688	0.675663
609	939	2.28417
609	951	3.20699
609	954	3.43484
609	956	7.27018
609	991	4.28415
610	729	0.408676
610	765	0.846471
610	770	0.11492
610	980	4.16201
610	990	4.24706
610	993	4.05736
611	883	3.28509
611	895	5.82251
611	897	2.37208
611	910	2.49523
611	956	3.09554
611	960	3.07419
612	642	1.80065
612	783	2.37301
612	837	3.5504
612	886	2.75781
612	935	3.96928
613	868	4.77049
613	895	1.47927
613	901	5.60902
613	921	1.60526
613	984	3.48827
613	987	4.26213
613	989	4.29818
614	617	0.414822
614	709	0.893572
614	859	6.58667
614	911	2.87913
614	953	3.11947
614	955	3.03532
614	992	4.85265
615	771	6.10207
615	852	2.67416
615	968	5.0557
615	974	4.44737
615	993	2.00555
616	618	0.660932
616	862	1.60973
616	874	1.23448
616	932	2.4471
616	966	3.84561
616	977	7.77761
616	999	5.72416
617	664	6.71574
617	679	1.94284
617	709	2.33711
617	784	2.93734
617	992	6.29619
618	783	1.41035
618	979	4.68269
618	988	7.04824
618	999	7.00763
619	640	2.08222
619	806	2.5475
619	883	3.26295
619	886	2.22755
619	939	4.39351
619	989	5.21778
620	768	6.82563
620	861	3.52526
620	933	3.56089
620	989	5.97292
621	817	2.37644
621	903	2.20017
621	922	3.16367
621	957	3.38466
621	972	4.10302
622	655	2.14836
622	733	1.60684
622	822	2.49041
622	823	7.04021
622	946	3.93779
622	955	4.31185
623	655	1.4044
623	679	1.03187
623	863	6.95418
623	953	3.65204
623	955	3.56789
623	992	5.38522
624	655	3.32433
624	703	2.08085
624	730	2.08752
624	887	3.07127
624	906	3.71679
624	928	3.48504
624	961	4.15392
625	742	2.21734
625	761	1.83132
625	863	6.95418
625	873	2.35688
625	905	3.17163
625	954	3.8756
626	639	6.11556
626	685	1.16612
626	899	2.92538
626	915	2.92846
626	982	4.83642
627	830	1.48016
627	858	8.07679
627	924	2.33689
627	940	2.85449
627	964	1.96358
627	980	4.13927
627	990	4.22432
628	652	2.33573
628	791	0.0110058
628	890	3.17397
628	961	7.37356
628	971	5.67164
629	665	0.581827
629	816	2.52443
629	833	2.22505
629	951	6.40269
629	970	4.6635
629	971	4.2712
630	727	1.3886
630	864	0.302744
630	867	6.27304
630	878	2.37091
630	940	2.20214
630	996	4.39327
630	1000	3.62704
631	661	2.66393
631	680	1.47845
631	685	1.18891
631	840	3.27983
631	865	2.93471
631	969	7.52129
632	645	0.77289
632	897	3.85694
632	965	7.67195
633	845	7.69683
633	846	2.389
633	953	4.91923
633	955	4.83509
633	988	1.1781
634	735	2.30833
634	878	3.50092
634	952	6.28147
634	960	3.25546
634	990	4.70199
635	643	2.26295
635	701	1.12468
635	932	4.7151
635	946	6.27595
635	961	5.50186
636	798	1.68418
636	841	1.29016
636	912	3.26681
636	923	3.13446
636	998	5.08951
637	831	3.62254
637	839	3.24322
637	958	5.20056
637	984	1.72006
638	679	1.67822
638	725	0.719757
638	788	1.81056
638	904	3.56185
638	953	4.29839
638	955	4.21424
638	994	7.09262
639	653	1.32295
639	718	2.31774
639	875	3.63031
639	941	4.46292
640	651	3.29549
640	853	3.51076
640	892	3.29303
640	909	0.116402
640	912	6.64049
641	688	1.19581
641	923	2.97463
641	941	3.47995
641	974	6.53327
641	991	4.8043
642	763	3.49248
642	879	3.17952
642	886	3.28781
642	932	3.40684
642	979	3.68559
643	874	1.85197
643	944	7.54963
643	962	3.40473
643	966	4.4631
644	911	2.17036
644	962	1.87538
644	966	2.93375
644	983	3.66416
644	992	4.14388
645	716	2.86594
645	799	2.81089
645	812	4.18163
645	842	5.40767
646	958	4.71457
646	967	5.77293
646	981	5.9467
647	733	5.67045
647	746	1.95534
647	785	2.78385
647	826	3.13164
647	903	3.14014
647	948	4.30633
648	664	3.17881
648	742	2.70019
648	897	7.94492
648	901	2.69914
648	914	2.14585
648	957	3.92509
648	972	4.64344
649	699	1.15036
649	720	0.640657
649	943	1.7767
649	975	3.76898
649	984	3.32649
649	987	4.10034
649	989	4.13639
650	652	1.43144
650	804	6.27277
650	833	2.72119
650	890	2.26967
650	892	3.01161
650	896	3.43621
650	931	3.74295
650	971	4.76734
651	659	1.85049
651	842	2.70072
651	892	2.63421
651	987	6.395
651	995	9.9612
652	752	6.68391
652	876	3.56114
652	949	4.04322
652	986	5.11966
653	862	2.53056
653	869	2.48067
653	947	6.15001
653	983	5.49685
653	999	6.64499
654	871	1.53888
654	872	1.70361
654	880	8.70532
654	920	3.04601
654	955	0.211996
654	968	3.57317
654	974	2.96485
654	988	4.4046
655	753	2.40103
655	846	2.48979
655	911	4.77968
655	946	4.56181
656	807	2.6155
656	837	9.43955
656	907	2.8997
656	938	2.90881
656	940	3.39709
656	976	0.111076
656	996	5.58822
657	908	1.19601
657	966	3.00714
657	989	8.95257
657	994	4.12259
657	997	3.86428
657	999	4.88569
658	670	0.0375539
658	700	2.46459
658	745	4.44001
658	831	1.95975
658	926	4.08738
658	967	4.59614
658	985	5.739
659	699	2.65883
659	737	2.61471
659	921	2.95195
659	933	3.23283
659	984	4.83496
660	764	2.74758
660	809	2.13809
660	828	2.27105
660	883	3.69047
660	910	2.90061
660	969	3.91789
660	991	7.81997
661	687	2.49836
661	698	1.1172
661	712	2.34239
661	756	5.06115
661	964	9.63073
662	692	0.0965847
662	722	1.87674
662	850	2.74519
662	934	3.13906
662	939	3.53232
662	951	4.45513
662	959	6.17232
663	918	4.09294
663	920	5.21437
664	714	0.263648
664	873	4.47926
664	903	4.38012
665	775	1.94705
665	816	2.84166
665	858	3.23075
665	927	3.65755
665	986	4.7662
665	992	8.55518
666	770	1.90514
666	793	2.46847
666	892	6.50338
666	938	4.17916
666	980	5.95223
667	677	2.94325
667	771	3.72147
667	905	6.62474
667	930	4.40547
667	960	4.6339
668	724	5.57038
668	754	2.49941
668	755	2.15285
668	819	2.86799
668	882	3.27003
668	945	3.57374
668	981	4.91998
669	781	2.27272
669	789	7.2444
669	851	3.32031
669	895	3.73774
669	933	4.14461
669	943	4.19695
670	741	3.55916
670	926	3.80423
670	958	3.25463
670	967	4.31299
670	977	4.8611
671	756	4.61086
671	839	2.75835
671	921	3.53572
671	926	5.26529
671	986	6.15914
672	850	0.90315
672	878	2.44458
672	963	1.78479
672	965	3.0274
672	978	3.38172
672	990	3.64564
672	996	4.46693
673	696	0.318461
673	721	0.558223
673	860	6.03653
673	871	4.48758
673	919	3.73594
673	952	3.69257
673	994	5.19532
673	997	4.937
674	675	2.7001
674	726	2.97575
674	812	3.96352
675	726	3.1561
675	783	3.1779
675	963	4.63315
675	997	7.55177
676	716	2.93681
676	987	7.96076
677	695	1.96873
677	883	4.41421
677	897	3.5012
678	722	0.837555
678	830	1.70433
678	871	8.40348
678	878	3.24743
678	978	4.18457
678	980	4.36344
678	993	4.25879
679	753	2.0285
679	933	8.71664
679	955	4.56334
679	992	6.38067
680	738	1.92961
680	792	2.53914
680	819	2.30879
680	880	2.30926
680	982	4.5869
680	985	8.36864
681	694	2.17901
681	733	1.19955
681	740	0.902206
681	753	1.36973
681	784	2.36304
681	788	1.50088
681	911	3.74837
681	995	5.63725
682	779	2.8846
682	840	3.36753
682	848	0.0119548
682	870	9.93079
682	891	2.81594
682	917	3.36972
682	981	4.72078
683	818	1.5566
683	852	1.05678
683	868	1.55117
683	881	1.35102
683	903	8.08317
683	937	2.84642
683	968	3.43831
683	974	2.82999
683	988	4.26974
684	738	1.96444
684	745	2.24306
684	807	0.0117858
684	865	2.69724
684	867	3.05586
684	877	3.23599
684	891	2.49077
684	909	3.21264
684	988	9.90378
685	755	1.30411
685	762	2.14046
685	915	2.3894
685	925	3.57042
685	959	3.06933
685	981	4.07124
686	723	3.03177
686	757	2.44732
686	814	2.85862
686	844	2.82893
686	948	4.45259
686	957	4.4709
686	989	7.09686
687	725	1.74733
687	768	2.52363
687	827	1.7825
687	862	7.59305
687	967	5.1456
688	836	2.06632
688	884	2.38358
688	954	4.41843
688	964	3.75069
688	976	4.40951
689	811	1.30719
689	838	0.814455
689	845	3.37664
689	901	8.20704
689	940	3.33334
689	980	4.61812
689	990	4.70317
690	713	1.65168
690	748	2.19186
690	876	2.92795
690	896	2.97755
690	931	3.28429
690	986	4.48646
691	771	3.33677
691	809	2.90773
691	826	3.26467
691	866	2.83745
691	888	4.02103
692	796	0.811283
692	874	1.46296
692	881	9.14788
692	983	4.8045
692	994	5.18954
692	997	4.93123
693	739	1.84757
693	804	2.81035
693	884	2.00271
693	903	8.08317
693	912	3.18955
693	954	4.03756
693	964	3.36981
694	709	3.23206
694	758	2.02396
694	782	1.13602
694	815	4.20579
694	904	4.72141
694	941	5.86433
695	771	2.74695
695	883	3.87029
695	944	4.32513
695	956	3.68073
695	976	4.16691
695	979	4.04102
696	737	1.68733
696	802	8.08084
696	862	1.52576
696	869	1.47588
696	952	3.37434
696	994	4.87709
696	999	5.64019
697	744	0.728531
697	766	1.53112
697	815	3.59435
697	946	4.38832
697	995	6.49507
698	699	2.875
698	710	2.10992
698	720	2.36529
698	885	6.58998
698	892	2.06419
698	943	3.50134
698	989	5.86103
699	888	2.85516
699	989	7.23939
700	785	2.65149
700	865	5.41678
700	947	5.42237
701	704	7.11734
701	908	1.5137
701	919	2.9809
701	952	2.93753
701	962	2.26646
701	966	3.32482
701	983	4.05524
702	751	3.12696
702	905	3.87391
702	922	3.92352
702	957	4.14452
702	979	0.217155
702	981	8.89458
703	757	5.17449
703	856	2.76522
703	914	4.00122
703	929	3.63753
703	963	3.94285
704	848	3.21505
704	897	3.52406
704	930	3.99774
704	960	4.22616
704	977	1.97204
705	795	0.46073
705	831	1.40997
705	926	3.53759
705	947	2.72869
705	967	4.04635
705	968	5.51476
705	977	4.59446
705	985	5.18922
706	734	3.41837
706	790	6.42656
706	792	3.17686
706	840	3.64523
706	877	3.83887
706	909	3.81552
707	775	2.67993
707	816	3.57454
707	899	3.66555
707	931	4.29691
707	971	5.3213
708	793	1.1228
708	850	1.94912
708	907	2.82438
708	952	11.3665
708	980	4.60656
708	984	0.00515816
708	993	4.50191
708	1000	4.74668
709	790	3.66413
709	946	4.58355
709	953	5.04176
710	851	3.23798
710	884	2.91555
710	888	6.04769
710	943	4.11462
710	979	5.07209
711	858	3.21292
711	889	2.5766
711	890	2.07292
711	949	3.67192
711	970	4.9629
711	986	4.74837
712	795	1.40401
712	817	2.70107
712	827	1.62653
712	872	0.141314
712	905	3.43868
712	922	3.4883
712	924	7.12919
712	977	5.53774
713	720	2.57922
713	830	8.85797
713	843	2.5997
713	849	3.08357
713	921	3.38204
713	933	3.66292
713	984	5.26506
714	800	4.00788
714	819	10.4363
714	890	3.818
714	986	6.49345
715	869	1.95573
715	874	1.63037
715	919	3.89757
715	952	3.8542
715	991	4.52273
715	994	5.35695
716	767	2.12176
716	824	3.17629
716	891	8.87016
716	935	4.7219
717	734	3.91181
717	768	2.91568
717	827	2.17455
717	958	4.4793
717	977	6.08577
718	759	6.60663
718	836	2.20528
718	899	2.86568
718	934	3.01347
718	951	4.32954
718	964	3.88965
718	979	4.67908
719	834	2.15104
719	855	2.7705
719	879	2.88792
719	916	3.94082
719	935	4.20766
719	936	8.20011
719	963	4.06665
720	849	3.73831
720	921	4.03678
720	975	6.36228
721	766	0.312408
721	855	1.17214
721	919	3.57852
721	962	2.86408
721	983	4.65286
721	989	9.75812
721	994	5.0379
721	997	4.77959
722	769	3.41721
722	854	4.58498
722	913	3.21559
722	978	4.91214
722	993	4.98636
722	996	5.99736
723	817	3.86353
723	901	3.64581
723	905	4.60115
723	986	9.43328
724	813	1.73994
724	869	2.33452
724	919	4.27636
724	932	3.22178
724	952	4.23299
724	991	4.90152
725	885	8.37426
725	942	4.98588
725	985	6.61616
726	756	3.41662
726	812	4.41951
726	918	4.16009
727	758	2.40996
727	781	2.27296
727	804	2.02334
727	864	3.3344
727	924	4.7162
727	940	5.2338
727	975	9.38205
728	754	1.93627
728	819	2.30486
728	829	7.69719
728	865	2.65847
728	867	3.0171
728	877	3.19723
728	915	2.67501
728	981	4.35685
729	735	2.55496
729	875	8.91118
729	878	3.74755
729	978	4.6847
729	993	4.75891
729	1000	5.00368
730	856	2.77189
730	870	2.92705
730	881	2.73903
730	918	3.17774
730	924	5.41918
730	988	5.65776
731	736	2.84627
731	902	3.10116
731	920	4.2686
731	929	3.61364
731	988	5.6272
731	991	6.22511
732	856	2.63267
732	868	2.79997
732	871	2.65281
732	902	2.99249
732	937	4.09521
732	988	5.51854
733	801	3.05989
733	946	4.02029
733	955	4.39435
733	995	6.12704
734	754	3.51472
734	865	4.23692
734	866	3.82178
734	885	3.81154
734	957	1.54813
734	965	5.63763
735	811	2.99736
735	864	3.12412
735	955	8.53534
735	990	6.39335
736	807	2.65398
736	825	2.73608
736	852	3.80844
736	868	4.30283
736	881	4.10268
736	949	5.79905
737	755	3.18527
737	813	3.35909
737	933	4.78324
737	961	5.62769
738	745	2.93169
738	819	3.03225
738	857	3.03403
738	909	3.90127
738	920	4.26076
738	950	3.95762
739	804	3.7604
739	902	0.024574
739	930	9.51311
739	976	4.97869
739	979	5.1093
740	780	6.3858
740	784	2.55548
740	801	2.76255
740	832	2.29381
740	992	5.91433
740	995	5.8297
741	746	1.39912
741	821	2.72585
741	854	2.57588
741	873	2.68306
741	905	3.49782
741	948	3.75012
741	973	4.58706
741	977	6.91706
742	919	0.0180458
742	957	5.08599
742	986	11.3483
743	916	4.69991
743	935	4.96675
743	960	4.57977
743	961	7.72681
744	809	1.12134
744	880	5.9061
744	910	1.88386
744	944	3.12857
744	946	2.69146
744	969	2.90115
744	973	4.22051
744	992	4.88285
744	995	4.79821
745	772	2.57246
745	794	3.25283
745	915	3.68103
745	950	4.23624
746	940	9.07895
746	948	3.92328
746	957	3.94159
746	972	4.65995
746	973	4.76023
747	912	6.07583
747	942	4.80807
747	958	4.23713
747	967	5.29549
748	833	4.11481
748	859	4.74008
748	931	5.13657
748	948	7.47201
748	949	5.2623
749	769	7.52765
749	845	3.5744
749	913	2.94047
749	938	3.04282
749	940	3.53111
749	980	4.81589
749	993	4.71124
750	760	4.22471
750	780	2.98999
750	886	0.920839
750	890	0.0414486
750	901	4.59679
750	972	6.54109
750	996	11.4104
751	903	4.10884
751	973	6.11197
751	994	6.96542
752	865	4.22195
752	904	4.21748
752	992	6.6872
752	995	6.60257
753	788	2.16084
753	805	0.0346606
753	815	3.3965
753	857	12.2911
753	946	4.19047
753	953	4.64867
753	955	4.56453
754	779	3.25865
754	877	3.93522
754	889	3.31452
754	925	4.59402
754	955	8.68817
755	762	2.8175
755	819	2.69629
755	820	9.71062
755	877	3.58866
755	880	2.69676
755	889	2.96796
755	915	3.06644
755	925	4.24746
756	768	5.08642
756	810	7.18469
756	839	4.69269
757	760	2.68929
757	814	2.67504
757	821	3.24475
757	901	3.06137
757	905	4.01671
757	948	4.26901
758	801	2.41506
758	904	3.09712
758	907	2.7261
758	934	12.0277
758	938	2.73521
758	970	1.13173
758	995	5.4822
758	1000	4.6484
759	916	4.20557
759	931	4.25296
759	970	5.66967
759	986	5.45513
759	987	4.19899
760	802	2.75147
760	903	3.52837
760	911	7.22931
760	922	4.49187
761	763	7.4358
761	787	3.38914
761	804	3.90612
761	923	4.15297
761	936	4.44665
761	951	4.90548
762	810	4.0726
762	865	3.88626
762	891	3.67978
762	950	4.45801
762	975	7.53026
763	767	3.06097
763	771	4.36171
764	796	7.26886
764	829	3.60601
764	835	3.46061
764	969	5.6003
765	830	2.64225
765	865	7.7897
765	878	4.18535
765	907	3.51918
765	938	3.52829
765	965	4.76817
765	990	5.38641
765	999	2.76209
766	862	2.23942
766	919	4.13137
766	984	10.5035
766	992	5.68543
766	995	5.60079
766	997	5.33244
767	771	2.76836
767	840	3.13825
767	916	3.80091
767	935	4.06776
767	987	5.09671
768	776	1.87745
768	839	3.2339
768	947	4.93194
769	804	3.04585
769	884	2.23821
769	936	3.58638
769	941	3.79802
769	976	4.26414
769	998	5.24775
770	827	5.42818
770	864	1.38563
770	907	2.78763
770	990	4.65486
770	993	4.46516
770	996	5.47615
770	1000	4.70993
772	779	2.88883
772	810	3.21298
772	819	2.67302
772	857	2.6748
772	867	3.38526
772	894	6.96456
772	982	4.95113
772	985	4.60474
773	818	2.72204
773	902	2.90915
773	906	2.91989
773	918	2.95517
773	928	2.68814
773	937	4.01186
773	944	2.53419
773	968	4.60376
773	989	10.0246
774	806	3.01525
774	807	10.1854
774	843	2.21027
774	853	2.10643
774	943	3.32584
774	984	4.87563
774	989	5.68553
775	777	1.53941
775	833	3.59027
775	970	6.02873
775	986	5.81419
776	818	2.49982
776	871	2.34725
776	906	2.69767
776	918	2.73295
776	929	3.19942
776	954	11.2892
776	959	3.0676
776	968	4.38154
776	974	3.77321
777	800	1.87299
777	896	2.84964
777	916	3.109
777	927	3.24991
777	949	3.28211
777	970	4.57309
777	986	4.35856
778	800	6.0245
778	808	4.78416
778	846	3.24654
778	892	3.45882
778	894	4.49934
779	786	3.07902
779	882	4.02928
779	950	4.5526
779	983	10.0297
780	870	2.49316
780	905	3.20754
780	920	3.86527
780	957	3.47815
780	972	4.19651
780	974	3.78411
781	907	2.5891
781	913	2.49586
781	926	9.75754
781	965	3.83809
781	974	3.52423
781	990	4.45633
781	996	5.27762
781	1000	4.51139
782	833	4.37536
782	910	4.17146
782	927	5.49064
782	931	5.39711
782	935	8.24672
782	949	5.52284
783	789	3.69836
783	799	3.07058
783	847	10.3759
783	855	3.63447
783	879	3.75189
783	886	3.86017
784	832	3.75465
784	995	7.29053
785	805	3.79776
785	809	3.22015
785	835	2.86027
785	886	3.73714
785	962	9.79494
785	969	4.99996
786	794	2.80518
786	885	2.79145
786	891	3.01036
786	909	3.73223
786	959	3.9133
786	961	3.17803
786	982	5.14133
786	993	10.1732
787	893	3.65825
787	923	4.45305
787	934	3.88949
787	939	4.28274
787	974	7.2807
787	999	4.05653
788	815	3.52765
788	822	2.87424
788	856	9.79028
788	911	4.53949
788	946	4.32162
788	995	6.42837
789	824	3.74902
789	963	5.15361
790	815	4.63785
790	832	4.00268
790	846	3.35979
790	878	5.31225
790	946	5.43182
791	818	3.29563
791	820	3.1551
791	856	3.12291
791	915	9.17412
791	928	3.26173
791	929	3.99523
791	937	4.58545
791	945	4.76704
792	794	3.58375
792	853	3.1529
792	857	3.64357
792	867	4.35403
792	982	5.9199
793	907	3.35096
793	913	3.25772
793	969	2.33237
793	980	5.13314
793	995	9.45669
793	996	6.03948
793	1000	5.27326
794	859	3.41513
794	888	8.81249
794	899	3.72047
794	917	4.05432
795	827	1.92285
795	898	3.58131
795	948	7.57108
795	967	5.28595
795	977	5.83407
795	985	6.42882
796	813	2.1706
796	856	5.54275
796	862	2.81507
796	908	3.23982
796	932	3.65244
796	991	5.33218
796	999	6.9295
797	802	2.33402
797	821	3.25284
797	834	2.40661
797	854	3.10286
797	922	4.07442
797	972	5.01377
797	973	5.11405
797	992	10.8805
798	841	1.9223
798	884	2.71211
798	941	4.27192
798	954	4.74697
798	979	4.86865
798	998	5.72165
799	837	4.24797
799	858	5.03567
799	879	3.3471
799	914	4.5842
799	954	10.3366
799	963	4.52583
800	866	3.47529
800	880	3.53729
800	890	3.47232
800	950	4.46219
800	976	4.27705
801	904	5.11251
801	992	7.58223
802	854	3.15696
802	873	3.26414
802	901	3.12355
802	948	4.33119
802	972	5.06786
803	806	9.83254
803	813	1.67872
803	862	2.32319
803	916	2.06004
803	952	4.17177
803	983	5.28948
803	997	5.41621
803	999	6.43762
804	941	5.47535
804	998	6.92508
805	823	3.23191
805	847	3.41348
805	897	4.42798
805	936	11.23
805	960	5.13008
806	877	2.71203
806	895	4.73625
806	933	5.14311
806	943	5.19546
807	978	6.37165
807	990	6.63557
807	1000	6.69064
808	892	3.95709
808	984	6.94402
808	994	4.2864
809	829	2.99652
809	926	5.78959
809	930	4.32406
809	937	2.73941
809	944	5.21823
809	956	4.57383
810	909	4.82041
810	915	4.32155
810	959	5.00148
811	907	3.52379
811	924	3.50358
811	940	4.02118
811	958	4.34036
811	965	4.77278
811	980	5.30597
811	993	5.20131
812	838	3.20842
812	855	4.60042
813	887	1.13397
813	893	5.9924
813	916	4.99523
813	932	4.03489
813	962	4.37504
813	994	6.54886
813	997	6.29054
814	873	3.61326
814	901	3.47267
814	906	3.21738
814	922	4.47762
814	948	4.68031
814	972	5.41697
815	817	12.3848
815	832	4.12814
816	896	5.19989
816	978	12.0971
816	986	6.7088
817	821	4.2601
817	905	5.03206
817	917	0.0420425
817	920	0.839373
817	957	5.30267
817	972	6.02103
818	820	4.2355
818	833	3.30323
818	906	4.57388
818	932	11.0802
818	959	4.94382
819	844	3.30773
819	857	3.41321
819	877	4.3038
819	885	3.33967
820	900	4.11986
820	937	5.52532
820	959	4.80328
821	946	15.5482
821	972	5.98668
821	988	0.989158
822	840	0.0238613
822	911	5.12172
822	992	7.09525
822	993	14.3029
822	995	7.01061
823	829	2.43982
823	847	2.27917
823	860	3.42604
823	888	3.76761
823	898	3.77994
823	910	3.41682
823	920	3.60729
823	940	2.90332
823	960	3.99578
823	969	4.43411
824	837	4.70341
824	838	2.29312
824	935	5.12229
824	947	4.36299
824	963	4.98127
825	856	2.63114
825	868	2.79844
825	872	2.81602
825	929	3.50345
825	945	4.27527
825	959	3.37164
825	974	4.07725
825	988	5.51701
825	994	12.7507
826	829	3.35347
826	835	3.20807
826	853	0.0424631
826	860	4.33969
826	897	4.20732
826	910	4.33047
826	943	13.4399
827	831	2.87209
827	942	5.02105
827	947	4.19082
827	967	5.50847
827	985	6.65134
827	989	4.95946
828	921	9.45124
828	930	4.45702
828	944	5.35119
828	956	4.70679
828	969	5.12377
828	973	1.5739
829	835	2.63663
829	883	4.5489
829	944	5.00374
829	969	4.77632
830	878	4.84178
830	940	4.673
830	965	5.4246
830	993	5.85313
831	912	3.10344
831	939	6.88525
831	947	4.91753
831	958	5.17683
831	962	5.67085
831	967	6.23519
831	977	6.7833
832	846	2.85009
832	904	4.64377
832	915	9.19105
832	953	5.38031
832	992	7.1135
833	876	4.8509
833	916	5.15985
833	962	8.9331
834	902	10.8693
834	926	4.71464
834	934	2.83249
834	936	3.68973
834	939	3.22574
834	947	3.90574
834	951	4.14856
834	958	4.16504
834	967	5.2234
835	883	4.4035
835	930	3.96417
835	952	9.10276
835	956	4.21395
835	969	4.63093
835	990	8.45192
836	876	13.2045
836	915	3.66705
836	923	3.84513
836	939	3.67482
836	941	4.35045
836	964	4.15775
836	976	4.81657
836	998	5.80018
837	963	6.10801
838	913	2.93781
838	914	3.75608
838	916	3.57189
838	974	3.96619
838	996	5.71958
838	1000	4.95335
839	977	6.40399
839	985	6.99874
840	889	4.38184
840	963	5.59738
840	992	12.6061
841	875	3.0453
841	893	2.57778
841	899	13.1298
841	912	3.50494
841	941	3.8779
841	954	4.35294
841	964	3.6852
841	976	4.34402
841	998	5.32763
842	895	3.6762
842	921	3.80218
842	933	4.08306
842	980	6.85693
842	984	5.6852
842	987	6.45905
842	989	6.4951
843	849	3.75878
843	894	3.99385
843	943	4.39047
843	966	13.206
843	975	6.38276
843	989	6.75017
844	867	4.01996
844	877	4.2001
844	889	3.5794
844	899	3.6748
844	925	4.8589
844	938	7.63534
844	981	5.35971
845	990	7.46046
845	993	7.27076
846	921	3.5234
846	953	4.73742
846	955	4.65328
846	984	5.40641
847	951	4.59133
847	956	4.19871
847	964	4.15143
847	969	4.61568
847	976	4.81025
847	998	5.79387
848	886	4.05835
848	897	4.18074
848	930	4.65442
848	960	4.88284
848	969	5.32118
848	975	13.4823
849	894	4.47773
849	921	4.54113
849	927	12.2712
849	984	6.42414
850	880	4.58859
850	913	4.08404
850	978	5.78059
850	981	8.19392
850	990	6.04451
850	993	5.85481
850	1000	6.09958
851	861	4.54144
851	894	4.23278
851	909	4.53024
851	918	6.27662
851	921	4.29618
851	943	4.6294
851	989	6.98909
852	870	3.85866
852	918	4.10934
852	945	5.34762
852	974	5.1496
853	861	4.19867
853	892	2.84949
853	943	4.28663
853	975	6.27892
853	989	6.64633
853	990	14.3008
854	873	4.03299
854	901	3.8924
854	903	3.93385
854	973	5.93698
854	982	5.73421
855	914	5.14808
855	935	5.23074
855	942	13.5914
855	963	5.08972
856	881	3.99773
856	906	4.40116
856	918	4.43644
856	928	4.16941
856	951	1.70986
856	988	6.91646
857	866	3.35169
857	885	3.34145
857	891	3.56036
857	899	3.78029
857	925	4.96439
857	938	1.04481
857	982	5.69132
858	927	5.98925
858	949	6.02145
858	986	7.09789
859	971	6.8569
859	985	7.69526
859	986	7.03468
860	956	5.34557
860	960	5.32421
860	969	5.76254
861	873	10.0443
861	987	7.74172
861	989	7.77777
861	990	7.18051
862	927	8.43748
862	952	5.69058
862	962	5.01951
862	966	6.07787
862	991	6.35911
863	874	3.22885
863	962	4.78162
863	966	5.83998
863	991	6.12122
863	994	6.95544
863	997	6.69712
864	914	9.28652
864	936	4.93997
864	940	4.14794
864	961	4.66939
864	966	5.05201
864	974	4.58568
864	978	5.25385
864	996	6.33907
864	1000	5.57284
865	880	3.76552
865	950	4.69042
865	982	6.04316
866	909	4.21893
866	917	4.05083
866	933	15.1526
866	950	4.27528
866	981	5.4019
866	982	5.62802
867	882	4.52571
867	915	4.49382
867	950	5.04904
867	956	8.79844
868	871	4.21804
868	872	4.38277
868	937	5.66043
868	945	5.84202
869	874	3.41686
869	919	5.68406
869	932	4.62948
869	983	6.7584
869	997	6.88513
870	881	4.1529
870	945	5.82988
870	958	5.51318
870	959	4.92626
870	968	6.24019
871	900	4.10782
871	937	5.51328
871	968	6.10518
871	988	6.93661
872	892	3.51605
872	895	4.49399
872	928	4.35429
872	959	4.95598
872	989	7.31289
872	997	18.5028
873	922	5.00454
873	948	5.20723
873	973	6.04417
874	918	5.4545
874	967	8.06397
874	983	6.43304
874	994	6.81807
874	997	6.55976
874	999	7.58118
875	934	4.32604
875	936	5.18328
875	939	4.71929
875	976	5.86103
875	991	6.71927
876	931	5.87265
876	949	5.99838
876	971	6.89705
877	892	11.5129
877	915	4.67396
877	950	5.22917
877	971	5.11477
878	924	5.69851
878	938	5.72782
878	944	12.027
879	913	2.44943
879	914	5.2655
879	916	5.08131
879	963	5.20714
879	998	11.3389
880	889	3.68357
880	891	3.55905
880	915	3.78206
880	917	4.11283
880	981	5.46389
880	982	5.69002
881	902	4.35756
881	937	5.46028
881	945	5.64186
881	988	6.8836
882	885	3.74171
882	891	3.96062
882	959	4.86356
882	981	5.86546
883	897	5.40275
883	942	0.934193
883	980	17.6887
884	923	4.16239
884	934	3.59883
884	939	3.99209
884	951	4.9149
884	976	5.13383
884	979	5.26444
884	993	16.1002
884	998	6.11744
885	889	3.61134
885	891	3.48681
885	899	3.70675
885	909	4.20869
885	932	6.28516
885	950	4.26504
885	981	5.39166
886	913	4.21273
886	930	4.84104
886	935	5.45644
886	956	5.09082
886	969	5.50779
886	987	11.2761
887	902	4.11547
887	928	3.89446
887	937	5.21818
887	945	5.39977
887	968	5.81008
887	974	5.20175
887	988	6.64151
887	995	19.36
888	910	5.08683
888	944	6.33154
888	956	5.68714
888	960	5.66578
889	917	4.38403
889	950	4.60847
889	965	16.9565
889	981	5.73509
889	982	5.96122
890	896	4.44898
890	916	4.70833
890	927	4.84925
890	931	4.75572
890	970	6.17243
890	976	18.6387
890	986	5.9579
891	899	3.92566
891	909	4.4276
891	968	8.09294
891	981	5.61057
891	982	5.83669
892	943	4.0689
892	975	6.06118
892	987	6.39254
892	989	6.42859
893	934	3.85852
893	936	4.71576
893	939	4.25177
893	951	5.17459
893	957	16.1507
893	964	4.7347
893	972	0.0289183
893	979	5.52413
893	991	6.25175
893	998	6.37713
894	895	4.65021
894	951	11.8503
894	984	6.65921
894	989	7.46911
895	933	4.99449
895	977	7.47979
895	984	6.59662
895	986	11.5369
895	987	7.37048
896	927	6.01578
896	971	6.94665
896	978	11.0772
896	996	13.6896
897	898	4.97602
897	910	4.61289
897	956	5.2132
898	926	6.65817
898	947	5.84927
898	958	6.10857
898	969	6.11645
898	979	13.6711
898	999	4.21493
899	915	4.14867
899	917	4.47944
899	950	4.70388
899	981	5.8305
899	982	6.05662
900	902	4.4475
900	918	4.49352
900	929	4.95999
900	968	6.14211
900	988	6.97354
900	999	15.1963
901	903	3.90045
901	957	5.08494
901	972	5.8033
901	973	5.90358
902	918	4.79627
902	928	4.52924
902	968	6.44486
902	974	5.83653
902	985	14.7804
902	988	7.27629
903	905	4.85579
903	922	4.9054
903	948	5.10809
903	972	5.84475
903	973	5.94503
903	1000	5.29712
904	911	6.29077
904	966	7.35335
904	969	13.6801
904	992	8.26429
905	948	6.02198
905	973	6.85892
906	920	5.92843
906	928	4.53998
906	929	5.27348
906	988	7.28703
906	996	17.2412
907	938	5.06165
907	950	13.0974
907	978	6.65585
907	990	6.91977
907	1000	6.97484
908	919	6.1587
908	932	5.10411
908	952	6.11533
908	994	7.61808
908	997	7.35977
908	999	8.38118
909	917	4.98137
909	981	6.33244
909	983	2.13829
909	997	20.7639
910	930	5.08657
910	944	5.98075
910	956	5.33635
910	960	5.31499
910	969	5.75333
910	999	12.5749
911	914	11.274
911	955	6.94317
911	983	7.7806
912	939	5.17893
912	951	6.10175
912	954	6.3296
912	962	10.9887
912	976	6.32068
912	979	6.45129
912	991	7.17891
913	961	5.97815
913	965	6.20829
913	977	16.2908
913	978	6.56261
913	980	6.74148
913	993	6.63683
913	1000	6.8816
914	963	6.44423
915	917	4.48251
915	925	5.33276
915	953	4.2976
915	981	5.83357
915	982	6.0597
916	927	6.27513
916	968	4.63418
916	969	16.097
917	925	5.66353
917	935	10.8443
917	950	5.03773
917	981	6.16434
917	991	15.3143
917	1000	3.82212
918	920	5.96371
918	929	5.30875
918	937	5.89898
918	968	6.49088
918	986	14.5025
918	988	7.32231
919	940	7.92699
919	961	7.35807
919	962	6.91146
919	979	18.5014
919	983	8.70024
920	929	6.43018
920	945	7.20199
920	991	20.7058
921	933	5.12048
921	937	14.3499
921	943	5.17282
921	975	7.1651
921	984	6.72261
921	987	7.49646
922	923	8.04685
922	957	6.0899
922	967	6.33975
922	972	6.80826
922	973	6.90854
923	934	4.65332
923	943	11.5968
923	944	9.04631
923	954	6.19725
923	964	5.5295
923	979	6.31893
923	998	7.17193
924	965	6.28133
924	978	6.63565
924	980	6.81452
924	982	7.82241
924	988	12.6359
924	990	6.89957
924	993	6.70986
924	1000	6.95464
925	959	6.01269
926	931	6.35446
926	958	7.30446
926	973	9.52273
926	977	8.91093
927	937	2.93909
927	970	7.73923
927	971	7.34692
928	929	5.04173
928	945	5.81354
928	959	4.90991
928	971	14.3879
928	974	5.61552
928	988	7.05528
928	998	12.3208
929	937	6.36545
929	955	16.6607
929	963	10.1767
929	988	7.78878
930	940	13.2787
930	944	6.33128
930	956	5.68689
930	960	5.66553
931	971	7.25339
931	986	7.43117
931	1000	20.3678
932	952	6.52795
932	966	6.91524
932	987	12.1798
932	994	8.03069
932	997	7.77238
932	999	8.7938
933	975	7.44598
933	984	7.00349
933	987	7.77734
934	939	4.48302
934	941	5.15864
934	951	5.40583
934	954	5.63368
934	964	4.96594
934	979	5.75537
934	991	6.48299
934	998	6.60837
935	958	6.78284
935	963	6.52688
936	939	5.34026
936	941	6.01588
936	947	8.0941
936	976	6.482
936	979	6.61261
936	998	7.46561
937	981	11.7635
938	965	6.31064
938	974	5.99679
938	977	10.1285
938	980	6.84383
938	993	6.73917
938	995	16.2776
938	1000	6.98395
939	941	5.5519
939	951	5.79909
939	976	6.01801
939	987	10.2403
939	998	7.00163
940	959	0.0103596
940	965	6.79893
940	974	6.48507
940	978	7.15325
940	993	7.22746
940	1000	7.47223
941	970	10.5301
941	979	6.82425
941	982	11.5143
941	998	7.67725
942	966	13.1007
942	967	8.38415
942	985	9.52702
943	975	7.49832
943	984	7.05583
943	987	7.82969
944	969	6.99804
945	953	9.76865
945	968	7.72916
945	999	13.4015
946	953	6.80945
946	955	6.7253
946	992	8.54263
946	995	8.458
947	957	13.5894
947	958	6.49556
947	977	8.10203
947	985	8.69678
948	957	6.29258
948	963	10.2681
948	973	7.11122
949	970	7.77143
949	971	7.37912
949	986	7.5569
949	988	22.2252
950	978	16.9519
950	981	6.38879
950	982	6.61491
951	954	6.94976
951	964	6.28201
951	992	14.0532
952	983	8.65687
952	994	9.04191
952	997	8.7836
953	955	7.18351
953	995	8.9162
953	996	17.9456
954	964	6.50986
954	979	7.29929
955	995	8.83205
956	960	5.91531
956	969	6.35364
956	972	13.3054
957	972	7.02925
957	973	7.12953
958	964	18.7975
958	967	7.81321
958	977	8.36133
959	968	6.82553
959	981	6.5135
959	982	6.73963
959	989	20.0677
959	992	13.3038
960	969	6.33228
960	984	18.6247
961	966	7.702
961	971	17.1159
961	990	7.93862
961	993	7.74892
961	996	8.75992
961	997	8.55914
962	966	7.25539
962	983	7.9858
962	991	7.53662
962	994	8.37084
962	997	8.11253
963	993	18.0519
964	976	6.50094
964	979	6.63155
964	998	7.48455
965	990	8.16876
965	993	7.97906
965	1000	8.22383
966	991	8.59499
966	994	9.4292
967	980	7.99924
967	982	6.38339
967	991	12.3141
968	976	19.0051
968	988	8.9709
970	972	12.6334
970	984	18.2225
971	986	8.45557
972	973	7.84789
972	981	19.1364
973	983	29.2083
974	978	7.59099
974	979	14.1895
974	980	7.76986
974	985	15.5333
974	990	7.85491
974	993	7.6652
975	984	9.04811
976	991	8.01799
976	998	8.14337
978	993	8.33338
978	996	9.34438
978	1000	8.57815
979	991	8.1486
979	998	8.27398
980	990	8.70195
980	996	9.52325
980	999	16.8053
980	1000	8.75702
981	982	7.74153
982	998	18.5088
983	997	9.90131
983	999	10.9227
987	989	10.1894
987	1000	11.1212
990	993	8.5973
990	996	9.60829
990	998	27.1435
990	1000	8.84207
991	994	9.71044
991	997	9.45213
992	995	10.6494
993	996	9.41859
994	999	11.3078
994	1000	27.2673
996	1000	9.66336
997	999	11.0494
